0 0.23317127227783202 0.7340830485026042 0.2760878562927246 0.7340830485026042 0.2760878562927246 0.7920467800564236 0.23317127227783202 0.7920467800564236
5 0.24497179985046386 0.27085283067491317 0.29842209815979004 0.27085283067491317 0.29842209815979004 0.31756820678710934 0.24497179985046386 0.31756820678710934
1 0.6104533195495605 0.8750001695421007 0.7178818702697753 0.8750001695421007 0.7178818702697753 0.9303585476345486 0.6104533195495605 0.9303585476345486
7 0.4246363639831543 0.326374520195855 0.4628117561340332 0.326374520195855 0.4628117561340332 0.39993332756890193 0.4246363639831543 0.39993332756890193
10 0.3846339225769043 0.3959759182400174 0.4211644172668457 0.3959759182400174 0.4211644172668457 0.4761794196234809 0.3846339225769043 0.4761794196234809
9 0.439127254486084 0.3841310289171007 0.48360681533813477 0.3841310289171007 0.48360681533813477 0.4662997775607639 0.439127254486084 0.4662997775607639
8 0.6564958572387696 0.7042115105523004 0.6890541076660156 0.7042115105523004 0.6890541076660156 0.760554928249783 0.6564958572387696 0.760554928249783
6 0.3890510082244873 0.7392194959852431 0.42435688972473146 0.7392194959852431 0.42435688972473146 0.8461707221137152 0.3890510082244873 0.8461707221137152
4 0.3265124082565308 0.7555492824978298 0.3689763307571411 0.7555492824978298 0.3689763307571411 0.8103039211697048 0.3265124082565308 0.8103039211697048
3 0.8269375470278405 0.8440765822255665 0.8638073739653874 0.8440765822255665 0.8638073739653874 0.8962461332664492 0.8269375470278405 0.8962461332664492
