5 0.5290755271911621 0.7757815043131511 0.570032787322998 0.7757815043131511 0.570032787322998 0.870644039577908 0.5290755271911621 0.870644039577908
7 0.44808082580566405 0.38362863328721786 0.49686603546142577 0.38362863328721786 0.49686603546142577 0.48035426669650605 0.44808082580566405 0.48035426669650605
9 0.7457766532897949 0.6356661478678386 0.7803959846496582 0.6356661478678386 0.7803959846496582 0.7652542961968317 0.7457766532897949 0.7652542961968317
0 0.22195878028869628 0.7457411024305556 0.26079745292663575 0.7457411024305556 0.26079745292663575 0.8039603339301216 0.22195878028869628 0.8039603339301216
1 0.6695013523101807 0.8909396701388889 0.7775545597076416 0.8909396701388889 0.7775545597076416 0.950567118326823 0.6695013523101807 0.950567118326823
8 0.7809535980224609 0.7163155449761285 0.8057045936584473 0.7163155449761285 0.8057045936584473 0.780814446343316 0.7809535980224609 0.780814446343316
4 0.5717761993408204 0.8562671237521702 0.6074447631835938 0.8562671237521702 0.6074447631835938 0.9076207478841146 0.5717761993408204 0.9076207478841146
4 0.43678855895996094 0.8926733228895399 0.4589567184448242 0.8926733228895399 0.4589567184448242 0.9618553161621094 0.43678855895996094 0.9618553161621094
10 0.35640406608581543 0.776281229654948 0.37203001976013184 0.776281229654948 0.37203001976013184 0.8397886488172743 0.35640406608581543 0.8397886488172743
3 0.4560842514038086 0.9455417209201389 0.5208952124959074 0.9455417209201389 0.5208952124959074 0.991044480676904 0.4560842514038086 0.991044480676904
