6 0.17597596645355223 0.47979558308919273 0.22854316234588623 0.47979558308919273 0.22854316234588623 0.596639421251085 0.17597596645355223 0.596639421251085
10 0.5263354301452636 0.7353385077582465 0.6099032402038574 0.7353385077582465 0.6099032402038574 0.8512374877929687 0.5263354301452636 0.8512374877929687
7 0.5449407577514649 0.4208928002251519 0.5930440902709961 0.4208928002251519 0.5930440902709961 0.542573250664605 0.5449407577514649 0.542573250664605
9 0.6264512062072753 0.5748385959201389 0.6649829864501953 0.5748385959201389 0.6649829864501953 0.6897302415635851 0.6264512062072753 0.6897302415635851
8 0.3949007511138916 0.5322041829427083 0.44097113609313965 0.5322041829427083 0.44097113609313965 0.6424630059136285 0.3949007511138916 0.6424630059136285
0 0.2237168788909912 0.7439083523220487 0.2668120861053467 0.7439083523220487 0.2668120861053467 0.7981686062282987 0.2237168788909912 0.7981686062282987
5 0.33640060424804685 0.44147059122721344 0.38172426223754885 0.44147059122721344 0.38172426223754885 0.5553320142957898 0.33640060424804685 0.5553320142957898
4 0.8294221878051757 0.7730055067274305 0.8519781112670899 0.7730055067274305 0.8519781112670899 0.83271484375 0.8294221878051757 0.83271484375
8 0.27482264041900634 0.5282950507269966 0.3062838792800903 0.5282950507269966 0.3062838792800903 0.601772223578559 0.27482264041900634 0.601772223578559
2 0.6275765041908766 0.905469173855251 0.6828658103942866 0.905469173855251 0.6828658103942866 0.9753845042386885 0.6275765041908766 0.9753845042386885
3 0.27508721351623533 0.5279813978407119 0.30628180503845215 0.5279813978407119 0.30628180503845215 0.6013403998480904 0.27508721351623533 0.6013403998480904
