9 0.2300447940826416 0.32234624226888026 0.27262043952941895 0.32234624226888026 0.27262043952941895 0.4337538825141059 0.2300447940826416 0.4337538825141059
5 0.1293811798095703 0.40755500793457033 0.16697421073913574 0.40755500793457033 0.16697421073913574 0.49637328253852 0.1293811798095703 0.49637328253852
8 0.8532325744628906 0.45048497517903646 0.8966159820556641 0.45048497517903646 0.8966159820556641 0.5539807637532552 0.8532325744628906 0.5539807637532552
7 0.0556329607963562 0.1608597649468316 0.09303106069564819 0.1608597649468316 0.09303106069564819 0.28386768764919706 0.0556329607963562 0.28386768764919706
0 0.22176628112792968 0.7477064344618055 0.2612924575805664 0.7477064344618055 0.2612924575805664 0.8032250298394097 0.22176628112792968 0.8032250298394097
6 0.5827081203460693 0.6604669782850477 0.629405927658081 0.6604669782850477 0.629405927658081 0.7155492146809895 0.5827081203460693 0.7155492146809895
10 0.36225104331970215 0.7008878072102864 0.3868253231048584 0.7008878072102864 0.3868253231048584 0.7986746046278211 0.36225104331970215 0.7986746046278211
1 0.5705528259277344 0.8539142184787326 0.6497927665710449 0.8539142184787326 0.6497927665710449 0.9344433254665798 0.5705528259277344 0.9344433254665798
4 0.45446100234985354 0.9218520270453558 0.5297755241394043 0.9218520270453558 0.5297755241394043 0.9809237162272135 0.45446100234985354 0.9809237162272135
4 0.3235525846481323 0.834267340766059 0.35183694362640383 0.834267340766059 0.35183694362640383 0.8783679538302951 0.3235525846481323 0.8783679538302951
