7 0.12994847297668458 0.16511192321777343 0.1855854272842407 0.16511192321777343 0.1855854272842407 0.3018368615044488 0.12994847297668458 0.3018368615044488
10 0.5612681388854981 0.7598799811469183 0.6133767127990722 0.7598799811469183 0.6133767127990722 0.8587209913465712 0.5612681388854981 0.8587209913465712
9 0.26807308197021484 0.179482905069987 0.33250579833984373 0.179482905069987 0.33250579833984373 0.32307446797688805 0.26807308197021484 0.32307446797688805
5 0.2809731960296631 0.530156750149197 0.33669290542602537 0.530156750149197 0.33669290542602537 0.6265425364176432 0.2809731960296631 0.6265425364176432
0 0.2213001251220703 0.7470033433702257 0.261684513092041 0.7470033433702257 0.261684513092041 0.8036700778537327 0.2213001251220703 0.8036700778537327
6 0.5944699764251709 0.6575201246473524 0.6388867855072021 0.6575201246473524 0.6388867855072021 0.715952640109592 0.5944699764251709 0.715952640109592
4 0.3326810598373413 0.7864239162868923 0.3672041654586792 0.7864239162868923 0.3672041654586792 0.8498126559787327 0.3326810598373413 0.8498126559787327
1 0.5932741165161133 0.8829559326171875 0.7011701583862304 0.8829559326171875 0.7011701583862304 0.9628814697265625 0.5932741165161133 0.9628814697265625
8 0.8999551773071289 0.26749666002061634 0.9306909561157226 0.26749666002061634 0.9306909561157226 0.33358679877387154 0.8999551773071289 0.33358679877387154
4 0.4717129313843299 0.9084094227593779 0.5174213406691239 0.9084094227593779 0.5174213406691239 0.9826080997519258 0.4717129313843299 0.9826080997519258
