7 0.36783971786499026 0.3966629452175564 0.4129799842834473 0.3966629452175564 0.4129799842834473 0.4932254791259766 0.36783971786499026 0.4932254791259766
9 0.5179563522338867 0.4272573682996962 0.5532598495483398 0.4272573682996962 0.5532598495483398 0.5383655971950955 0.5179563522338867 0.5383655971950955
0 0.21654343605041504 0.7474819607204861 0.25662856101989745 0.7474819607204861 0.25662856101989745 0.8076950073242187 0.21654343605041504 0.8076950073242187
1 0.6742460250854492 0.8910790337456598 0.7775491714477539 0.8910790337456598 0.7775491714477539 0.9509728325737847 0.6742460250854492 0.9509728325737847
3 0.4654218673706055 0.9210143195258247 0.521974754333496 0.9210143195258247 0.521974754333496 0.9698905944824219 0.4654218673706055 0.9698905944824219
5 0.06471654772758484 0.16549695332845052 0.09417951703071595 0.16549695332845052 0.09417951703071595 0.20496309068467883 0.06471654772758484 0.20496309068467883
8 0.781788444519043 0.6781803554958767 0.8176624298095703 0.6781803554958767 0.8176624298095703 0.7276761372884114 0.781788444519043 0.7276761372884114
10 0.3716989517211914 0.8044916788736978 0.4076178550720215 0.8044916788736978 0.4076178550720215 0.9175250583224824 0.3716989517211914 0.9175250583224824
4 0.45612464183381085 0.8982808022922636 0.48110673352435523 0.8982808022922636 0.48110673352435523 0.9426934097421202 0.45612464183381085 0.9426934097421202
6 0.6092406876790831 0.6361031518624641 0.6318051575931232 0.6361031518624641 0.6318051575931232 0.7163323782234957 0.6092406876790831 0.7163323782234957
