9 0.6120421409606933 0.44415630764431424 0.6727246284484864 0.44415630764431424 0.6727246284484864 0.5365854051378038 0.6120421409606933 0.5365854051378038
1 0.35105185508728026 0.8801954481336806 0.42335801124572753 0.8801954481336806 0.42335801124572753 0.9690587361653645 0.35105185508728026 0.9690587361653645
10 0.0743456482887268 0.4756172180175781 0.12147427797317505 0.4756172180175781 0.12147427797317505 0.5768113030327691 0.0743456482887268 0.5768113030327691
7 0.2371490478515625 0.3392742580837674 0.27936859130859376 0.3392742580837674 0.27936859130859376 0.4415392557779948 0.2371490478515625 0.4415392557779948
6 0.6157682418823243 0.6717527601453993 0.6632499694824219 0.6717527601453993 0.6632499694824219 0.7336661444769965 0.6157682418823243 0.7336661444769965
0 0.2206547737121582 0.7413194444444444 0.25870442390441895 0.7413194444444444 0.25870442390441895 0.8006364610460069 0.2206547737121582 0.8006364610460069
5 0.6723591804504394 0.27398257785373265 0.6978208541870117 0.27398257785373265 0.6978208541870117 0.3620207892523872 0.6723591804504394 0.3620207892523872
3 0.18103995323181152 0.8068310207790799 0.19951047897338867 0.8068310207790799 0.19951047897338867 0.880570305718316 0.18103995323181152 0.880570305718316
2 0.42590970993041993 0.8492972479926215 0.45342540740966797 0.8492972479926215 0.45342540740966797 0.9034659491644965 0.42590970993041993 0.9034659491644965
4 0.42607707977294923 0.8494427151150173 0.4535211563110352 0.8494427151150173 0.4535211563110352 0.9029681735568577 0.42607707977294923 0.9029681735568577
8 0.9050195693969727 0.18731816609700525 0.9340673446655273 0.18731816609700525 0.9340673446655273 0.27075017293294273 0.9050195693969727 0.27075017293294273
