7 0.08344733715057373 0.4576491461859809 0.12844274044036866 0.4576491461859809 0.12844274044036866 0.5781415303548177 0.08344733715057373 0.5781415303548177
0 0.22238373756408691 0.7484983656141493 0.26015524864196776 0.7484983656141493 0.26015524864196776 0.8040189954969618 0.22238373756408691 0.8040189954969618
9 0.7491454124450684 0.6568013932969835 0.7843668937683106 0.6568013932969835 0.7843668937683106 0.8030466715494792 0.7491454124450684 0.8030466715494792
10 0.3373591423034668 0.5480091518825955 0.400572395324707 0.5480091518825955 0.400572395324707 0.6486362033420139 0.3373591423034668 0.6486362033420139
1 0.6016173362731934 0.8787616305881076 0.7080830574035645 0.8787616305881076 0.7080830574035645 0.9363493177625868 0.6016173362731934 0.9363493177625868
4 0.4432408809661865 0.9370228237575955 0.49444003105163575 0.9370228237575955 0.49444003105163575 0.9906455993652343 0.4432408809661865 0.9906455993652343
8 0.9137758255004883 0.16549833085801866 0.9366289138793945 0.16549833085801866 0.9366289138793945 0.2329339133368598 0.9137758255004883 0.2329339133368598
3 0.40229105949401855 0.8053783840603299 0.4419929027557373 0.8053783840603299 0.4419929027557373 0.8627003987630208 0.40229105949401855 0.8627003987630208
4 0.40673398971557617 0.7211868286132812 0.426981258392334 0.7211868286132812 0.426981258392334 0.7594960530598959 0.40673398971557617 0.7594960530598959
5 0.17648638968481375 0.4699140401146132 0.1942156160458453 0.4699140401146132 0.1942156160458453 0.5171919770773639 0.17648638968481375 0.5171919770773639
