10 0.1489609122276306 0.49288181728786895 0.19759219884872437 0.49288181728786895 0.19759219884872437 0.5929562462700738 0.1489609122276306 0.5929562462700738
7 0.1972592830657959 0.311159176296658 0.2519310474395752 0.311159176296658 0.2519310474395752 0.42487708197699653 0.1972592830657959 0.42487708197699653
5 0.6044107437133789 0.1943683624267578 0.6792756080627441 0.1943683624267578 0.6792756080627441 0.24669104682074652 0.6044107437133789 0.24669104682074652
6 0.6188998699188233 0.6727018568250869 0.6683925151824951 0.6727018568250869 0.6683925151824951 0.737662590874566 0.6188998699188233 0.737662590874566
9 0.5697432518005371 0.38138368394639754 0.6013347625732421 0.38138368394639754 0.6013347625732421 0.4804066128200955 0.5697432518005371 0.4804066128200955
8 0.897397232055664 0.23630455864800348 0.9381584167480469 0.23630455864800348 0.9381584167480469 0.31890970865885415 0.897397232055664 0.31890970865885415
0 0.21870856285095214 0.7418599446614583 0.25896735191345216 0.7418599446614583 0.25896735191345216 0.8019717746310764 0.21870856285095214 0.8019717746310764
4 0.42534809112548827 0.8407732645670571 0.45460987091064453 0.8407732645670571 0.45460987091064453 0.9052404615614148 0.42534809112548827 0.9052404615614148
1 0.3700460910797119 0.861029052734375 0.42126240730285647 0.861029052734375 0.42126240730285647 0.9633792453342014 0.3700460910797119 0.9633792453342014
3 0.14436135292053223 0.7642789204915365 0.17245678901672362 0.7642789204915365 0.17245678901672362 0.8214747958713108 0.14436135292053223 0.8214747958713108
