5 0.48731050491333006 0.9173368665907118 0.5348616600036621 0.9173368665907118 0.5348616600036621 0.9944164699978298 0.48731050491333006 0.9944164699978298
7 0.1832125186920166 0.7840836418999566 0.23010673522949218 0.7840836418999566 0.23010673522949218 0.8911771138509115 0.1832125186920166 0.8911771138509115
1 0.2951998472213745 0.8608415391710069 0.3485924005508423 0.8608415391710069 0.3485924005508423 0.9641855875651042 0.2951998472213745 0.9641855875651042
6 0.39828667640686033 0.7294069078233507 0.4404405117034912 0.7294069078233507 0.4404405117034912 0.806011962890625 0.39828667640686033 0.806011962890625
8 0.6514472961425781 0.695164065890842 0.7095197677612305 0.695164065890842 0.7095197677612305 0.7576979743109808 0.6514472961425781 0.7576979743109808
4 0.40613617897033694 0.8337392171223956 0.43883366584777833 0.8337392171223956 0.43883366584777833 0.9011245727539061 0.40613617897033694 0.9011245727539061
10 0.06346019506454467 0.6525337219238281 0.0992885947227478 0.6525337219238281 0.0992885947227478 0.7487330966525607 0.06346019506454467 0.7487330966525607
9 0.8905551910400391 0.5911552429199218 0.9186967849731446 0.5911552429199218 0.9186967849731446 0.6782028198242187 0.8905551910400391 0.6782028198242187
0 0.22251992225646972 0.7479424370659722 0.2565167903900146 0.7479424370659722 0.2565167903900146 0.7979668511284722 0.22251992225646972 0.7979668511284722
3 0.11764705882352774 0.7811306340718025 0.16119174942704223 0.7811306340718025 0.16119174942704223 0.827306680247847 0.11764705882352774 0.827306680247847
