9 0.8695559501647949 0.5441897498236762 0.9032340049743652 0.5441897498236762 0.9032340049743652 0.6624325646294488 0.8695559501647949 0.6624325646294488
8 0.8320761680603027 0.6564475589328341 0.8739571571350098 0.6564475589328341 0.8739571571350098 0.7742748684353299 0.8320761680603027 0.7742748684353299
7 0.19830474853515626 0.4942497253417969 0.2524311065673828 0.4942497253417969 0.2524311065673828 0.5812744988335503 0.19830474853515626 0.5812744988335503
3 0.6160052299499512 0.7991322835286456 0.6725864410400391 0.7991322835286456 0.6725864410400391 0.8574561225043401 0.6160052299499512 0.8574561225043401
1 0.3232611417770386 0.5495757208930121 0.3688208818435669 0.5495757208930121 0.3688208818435669 0.6279517279730902 0.3232611417770386 0.6279517279730902
0 0.39295876026153564 0.8032437642415364 0.45670061111450194 0.8032437642415364 0.45670061111450194 0.8457835727267795 0.39295876026153564 0.8457835727267795
4 0.5942793846130371 0.6836622450086806 0.6437731742858886 0.6836622450086806 0.6437731742858886 0.7252443101671007 0.5942793846130371 0.7252443101671007
10 0.3545576333999634 0.7813196818033856 0.38121984004974363 0.7813196818033856 0.38121984004974363 0.8456032647026911 0.3545576333999634 0.8456032647026911
4 0.5022927761077881 0.598024410671658 0.5426265239715576 0.598024410671658 0.5426265239715576 0.6514996846516927 0.5022927761077881 0.6514996846516927
6 0.6266009330749511 0.6489403618706597 0.6641867637634278 0.6489403618706597 0.6641867637634278 0.6970255533854167 0.6266009330749511 0.6970255533854167
5 0.34146270751953123 0.09818994734022353 0.3936952590942383 0.09818994734022353 0.3936952590942383 0.1415118959214952 0.34146270751953123 0.1415118959214952
2 0.5680749225069937 0.776038400187913 0.5970408725192007 0.776038400187913 0.5970408725192007 0.8338108882521491 0.5680749225069937 0.8338108882521491
