9 0.8100948333740234 0.640742407904731 0.857562255859375 0.640742407904731 0.857562255859375 0.7615369160970054 0.8100948333740234 0.7615369160970054
7 0.0874401330947876 0.5724702623155382 0.12937490940093993 0.5724702623155382 0.12937490940093993 0.6931694878472222 0.0874401330947876 0.6931694878472222
0 0.2229264497756958 0.7479036119249132 0.26182587146759034 0.7479036119249132 0.26182587146759034 0.8025000678168402 0.2229264497756958 0.8025000678168402
10 0.29739980697631835 0.46857015821668835 0.3663952827453613 0.46857015821668835 0.3663952827453613 0.5707097795274523 0.29739980697631835 0.5707097795274523
1 0.6064847469329834 0.8796997918023004 0.7068606853485108 0.8796997918023004 0.7068606853485108 0.933986324734158 0.6064847469329834 0.933986324734158
3 0.3908852577209473 0.8129425048828125 0.44109745025634767 0.8129425048828125 0.44109745025634767 0.8508853488498264 0.3908852577209473 0.8508853488498264
2 0.5689140319824219 0.8551694234212239 0.627360725402832 0.8551694234212239 0.627360725402832 0.8928167555067275 0.5689140319824219 0.8928167555067275
4 0.4444549560546875 0.9377515157063802 0.4948883056640625 0.9377515157063802 0.4948883056640625 0.992952389187283 0.4444549560546875 0.992952389187283
4 0.40026025772094725 0.7290484958224827 0.42836809158325195 0.7290484958224827 0.42836809158325195 0.758458964029948 0.40026025772094725 0.758458964029948
5 0.21937847137451172 0.37586080763075086 0.24703483581542968 0.37586080763075086 0.24703483581542968 0.4246302710639106 0.21937847137451172 0.4246302710639106
