9 0.7592929840087891 0.47750528123643665 0.8218481063842773 0.47750528123643665 0.8218481063842773 0.5869296179877387 0.7592929840087891 0.5869296179877387
4 0.5512657165527344 0.576807106865777 0.6063336372375489 0.576807106865777 0.6063336372375489 0.6370148128933377 0.5512657165527344 0.6370148128933377
5 0.4955911636352539 0.2252292209201389 0.5598342895507813 0.2252292209201389 0.5598342895507813 0.2852244906955295 0.4955911636352539 0.2852244906955295
7 0.17456426620483398 0.5456591288248698 0.22836384773254395 0.5456591288248698 0.22836384773254395 0.6359930250379774 0.17456426620483398 0.6359930250379774
1 0.4482700347900391 0.389702139960395 0.5384051322937011 0.389702139960395 0.5384051322937011 0.4497841305202908 0.4482700347900391 0.4497841305202908
8 0.8741795539855957 0.5284861670600043 0.9088025093078613 0.5284861670600043 0.9088025093078613 0.6417480044894748 0.8741795539855957 0.6417480044894748
4 0.5990538597106934 0.6794141133626304 0.6444815635681153 0.6794141133626304 0.6444815635681153 0.7323032803005644 0.5990538597106934 0.7323032803005644
2 0.4698232650756836 0.7838355170355904 0.5419497489929199 0.7838355170355904 0.5419497489929199 0.8516421847873266 0.4698232650756836 0.8516421847873266
10 0.37697324752807615 0.7585674709743924 0.40871305465698243 0.7585674709743924 0.40871305465698243 0.8568857828776042 0.37697324752807615 0.8568857828776042
0 0.5566578388214112 0.7718890719943576 0.6218235492706299 0.7718890719943576 0.6218235492706299 0.8350516425238715 0.5566578388214112 0.8350516425238715
3 0.5613243039879608 0.8480896246133257 0.626034612490595 0.8480896246133257 0.626034612490595 0.8949084524705283 0.5613243039879608 0.8949084524705283
6 0.6147479307750188 0.6608143131845163 0.657637321294206 0.6608143131845163 0.657637321294206 0.6996070562661983 0.6147479307750188 0.6996070562661983
