7 0.5422497749328613 0.42843051486545136 0.5878922462463378 0.42843051486545136 0.5878922462463378 0.5343487209743923 0.5422497749328613 0.5343487209743923
10 0.41523494720458987 0.7225273132324219 0.47919626235961915 0.7225273132324219 0.47919626235961915 0.8079231262207032 0.41523494720458987 0.8079231262207032
9 0.4274766445159912 0.35270042419433595 0.4692256450653076 0.35270042419433595 0.4692256450653076 0.4613753000895182 0.4274766445159912 0.4613753000895182
8 0.8149530410766601 0.5725817362467448 0.846473503112793 0.5725817362467448 0.846473503112793 0.6862120734320747 0.8149530410766601 0.6862120734320747
1 0.06148686408996582 0.5922675238715278 0.09193134307861328 0.5922675238715278 0.09193134307861328 0.7159925672743056 0.06148686408996582 0.7159925672743056
0 0.1961687445640564 0.718073950873481 0.23738551139831543 0.718073950873481 0.23738551139831543 0.7781627231174046 0.1961687445640564 0.7781627231174046
3 0.15355233002291824 0.7987861811391223 0.20779220779220778 0.7987861811391223 0.20779220779220778 0.8612596553773024 0.15355233002291824 0.8612596553773024
5 0.3750954927425515 0.8164417282064339 0.3964858670741023 0.8164417282064339 0.3964858670741023 0.8789152024446139 0.3750954927425515 0.8789152024446139
4 0.3460656990068736 0.7879212290976995 0.40718105423987555 0.7879212290976995 0.40718105423987555 0.8313810372633873 0.3460656990068736 0.8313810372633873
6 0.5928189457601222 0.7308802308802307 0.6195569136745607 0.7308802308802307 0.6195569136745607 0.8273066802478567 0.5928189457601222 0.8273066802478567
