7 0.22759838104248048 0.5358618842230902 0.2878598213195801 0.5358618842230902 0.2878598213195801 0.6517654418945311 0.22759838104248048 0.6517654418945311
3 0.5672415733337403 0.6810898674858941 0.6153711318969727 0.6810898674858941 0.6153711318969727 0.748537105984158 0.5672415733337403 0.748537105984158
0 0.20391483306884767 0.7226342942979601 0.24041852951049805 0.7226342942979601 0.24041852951049805 0.798425038655599 0.20391483306884767 0.798425038655599
9 0.714321517944336 0.494223870171441 0.7597654342651368 0.494223870171441 0.7597654342651368 0.5914761013454861 0.714321517944336 0.5914761013454861
10 0.06711101531982422 0.4490981207953559 0.11403589248657227 0.4490981207953559 0.11403589248657227 0.5269768608940972 0.06711101531982422 0.5269768608940972
5 0.39048166275024415 0.7931165907118055 0.44841823577880857 0.7931165907118055 0.44841823577880857 0.830000474717882 0.39048166275024415 0.830000474717882
1 0.058346331119537354 0.48628116183810766 0.08074718713760376 0.48628116183810766 0.08074718713760376 0.6183520846896702 0.058346331119537354 0.6183520846896702
1 0.05770494937896729 0.4893574608696832 0.07737243175506592 0.4893574608696832 0.07737243175506592 0.5956093258327908 0.05770494937896729 0.5956093258327908
1 0.05993510484695434 0.4723724789089626 0.0834656000137329 0.4723724789089626 0.0834656000137329 0.5540001339382594 0.05993510484695434 0.5540001339382594
6 0.5951107715813598 0.6792717086834733 0.6317799847211611 0.6792717086834733 0.6317799847211611 0.7892793481028775 0.5951107715813598 0.7892793481028775
