7 0.40268449783325194 0.42439278496636285 0.4314897537231445 0.42439278496636285 0.4314897537231445 0.5108131408691406 0.40268449783325194 0.5108131408691406
9 0.5165776252746582 0.5327119615342882 0.559730339050293 0.5327119615342882 0.559730339050293 0.6597095065646702 0.5165776252746582 0.6597095065646702
0 0.22121281623840333 0.7451103210449219 0.2615243434906006 0.7451103210449219 0.2615243434906006 0.8057858784993489 0.22121281623840333 0.8057858784993489
5 0.14666693210601806 0.1120064205593533 0.2044010877609253 0.1120064205593533 0.2044010877609253 0.15523740980360243 0.14666693210601806 0.15523740980360243
1 0.6658010482788086 0.889988030327691 0.7784378051757812 0.889988030327691 0.7784378051757812 0.9533984714084202 0.6658010482788086 0.9533984714084202
10 0.38170437812805175 0.7900743272569445 0.42591195106506347 0.7900743272569445 0.42591195106506347 0.8902669270833333 0.38170437812805175 0.8902669270833333
3 0.46870765686035154 0.9100359598795573 0.5190284729003907 0.9100359598795573 0.5190284729003907 0.9715543111165365 0.46870765686035154 0.9715543111165365
8 0.7819232940673828 0.6901253594292533 0.8150304794311524 0.6901253594292533 0.8150304794311524 0.7553749932183158 0.7819232940673828 0.7553749932183158
1 0.6536997795104981 0.7269951714409723 0.7097197532653808 0.7269951714409723 0.7097197532653808 0.7698310004340277 0.6536997795104981 0.7698310004340277
6 0.6076289398280804 0.6217765042979941 0.6285816618911174 0.6217765042979941 0.6285816618911174 0.7106017191977076 0.6076289398280804 0.7106017191977076
