9 0.7825187683105469 0.6801918877495658 0.8324104309082031 0.6801918877495658 0.8324104309082031 0.774718560112847 0.7825187683105469 0.774718560112847
0 0.2211904287338257 0.7462753295898438 0.25916993618011475 0.7462753295898438 0.25916993618011475 0.8048968844943576 0.2211904287338257 0.8048968844943576
7 0.4490195274353027 0.481196043226454 0.4925239562988281 0.481196043226454 0.4925239562988281 0.5702602386474609 0.4490195274353027 0.5702602386474609
4 0.5861156463623047 0.8480049981011285 0.6213322639465332 0.8480049981011285 0.6213322639465332 0.9411632961697048 0.5861156463623047 0.9411632961697048
1 0.6667284488677978 0.8908294677734375 0.7772079944610596 0.8908294677734375 0.7772079944610596 0.9547993977864583 0.6667284488677978 0.9547993977864583
5 0.462374210357666 0.42778252495659724 0.5114922523498535 0.42778252495659724 0.5114922523498535 0.5292660183376736 0.462374210357666 0.5292660183376736
10 0.3359388828277588 0.7171140882703994 0.3874331474304199 0.7171140882703994 0.3874331474304199 0.8135755750868056 0.3359388828277588 0.8135755750868056
3 0.4492084503173828 0.9371283637152777 0.5019584655761719 0.9371283637152777 0.5019584655761719 0.9840220133463542 0.4492084503173828 0.9840220133463542
8 0.644629430770874 0.7055296156141493 0.6762081623077393 0.7055296156141493 0.6762081623077393 0.7403208414713541 0.644629430770874 0.7403208414713541
4 0.4529011461318052 0.8724928366762177 0.47546561604584536 0.8724928366762177 0.47546561604584536 0.9598853868194842 0.4529011461318052 0.9598853868194842
