3 0.6289172172546387 0.6326588100857204 0.6870579719543457 0.6326588100857204 0.6870579719543457 0.6882077534993489 0.6289172172546387 0.6882077534993489
9 0.8841022491455078 0.47803929646809906 0.9176643371582032 0.47803929646809906 0.9176643371582032 0.5821047465006511 0.8841022491455078 0.5821047465006511
4 0.16219499111175537 0.7929317050509983 0.21274845600128173 0.7929317050509983 0.21274845600128173 0.8325450473361545 0.16219499111175537 0.8325450473361545
7 0.40794076919555666 0.5108877817789713 0.4542250633239746 0.5108877817789713 0.4542250633239746 0.6054746415879991 0.40794076919555666 0.6054746415879991
10 0.07162740230560302 0.6003192477756076 0.09419541358947754 0.6003192477756076 0.09419541358947754 0.6991363525390625 0.07162740230560302 0.6991363525390625
0 0.21500158309936523 0.7275258382161458 0.25229415893554685 0.7275258382161458 0.25229415893554685 0.79393310546875 0.21500158309936523 0.79393310546875
1 0.6528730392456055 0.6816474066840279 0.6918685913085938 0.6816474066840279 0.6918685913085938 0.8404903835720487 0.6528730392456055 0.8404903835720487
5 0.3865877389907837 0.8395982530381945 0.41883068084716796 0.8395982530381945 0.41883068084716796 0.8902360704210069 0.3865877389907837 0.8902360704210069
4 0.8481864929199219 0.7666317409939236 0.878232192993164 0.7666317409939236 0.878232192993164 0.8301788330078125 0.8481864929199219 0.8301788330078125
8 0.6307137489318847 0.6909492655416769 0.6535380363464355 0.6909492655416769 0.6535380363464355 0.7367865668402782 0.6307137489318847 0.7367865668402782
