1 0.5946971893310546 0.39649488661024307 0.677271556854248 0.39649488661024307 0.677271556854248 0.4437613593207465 0.5946971893310546 0.4437613593207465
7 0.1719377040863037 0.5398993598090278 0.2151322841644287 0.5398993598090278 0.2151322841644287 0.6370801289876302 0.1719377040863037 0.6370801289876302
5 0.592171573638916 0.3213740030924479 0.6654423713684082 0.3213740030924479 0.6654423713684082 0.3862967597113715 0.592171573638916 0.3862967597113715
9 0.7352221965789795 0.5225585089789496 0.7698781490325928 0.5225585089789496 0.7698781490325928 0.645928955078125 0.7352221965789795 0.645928955078125
8 0.879277229309082 0.5264519585503472 0.9089086532592774 0.5264519585503472 0.9089086532592774 0.6414198133680555 0.879277229309082 0.6414198133680555
0 0.6868889808654786 0.7579117668999567 0.7362584114074707 0.7579117668999567 0.7362584114074707 0.8599922180175781 0.6868889808654786 0.8599922180175781
4 0.6012948989868164 0.5458846198187934 0.6380069732666016 0.5458846198187934 0.6380069732666016 0.600296613905165 0.6012948989868164 0.600296613905165
10 0.38161377906799315 0.7621270073784723 0.4099553108215332 0.7621270073784723 0.4099553108215332 0.8552768283420139 0.38161377906799315 0.8552768283420139
2 0.4691514015197754 0.7744296603732639 0.5421696662902832 0.7744296603732639 0.5421696662902832 0.8371090359157987 0.4691514015197754 0.8371090359157987
6 0.6267870579382995 0.6634896747763563 0.6674191121143718 0.6634896747763563 0.6674191121143718 0.7303737145723602 0.6267870579382995 0.7303737145723602
4 0.6019563581640331 0.6608143131845163 0.6365688487584651 0.6608143131845163 0.6365688487584651 0.7263606721846 0.6019563581640331 0.7263606721846
3 0.5432656132430398 0.9002591756542091 0.6049661399548533 0.9002591756542091 0.6049661399548533 0.9658055346542926 0.5432656132430398 0.9658055346542926
