10 0.07387094497680664 0.36636886596679685 0.12268352508544922 0.36636886596679685 0.12268352508544922 0.48994810316297743 0.07387094497680664 0.48994810316297743
3 0.4768165111541748 0.8636110093858507 0.5285593509674072 0.8636110093858507 0.5285593509674072 0.9331453111436632 0.4768165111541748 0.9331453111436632
1 0.6185568332672119 0.8802071465386285 0.7121154308319092 0.8802071465386285 0.7121154308319092 0.9340216742621528 0.6185568332672119 0.9340216742621528
8 0.7935239315032959 0.7454637315538194 0.8373239517211915 0.7454637315538194 0.8373239517211915 0.8166558159722223 0.7935239315032959 0.8166558159722223
9 0.4730801582336426 0.5260299682617188 0.5003546714782715 0.5260299682617188 0.5003546714782715 0.6377670288085937 0.4730801582336426 0.6377670288085937
0 0.384156322479248 0.811517842610677 0.45130033493041993 0.811517842610677 0.45130033493041993 0.8698572794596354 0.384156322479248 0.8698572794596354
4 0.36844673156738283 0.8444092644585504 0.4066944122314453 0.8444092644585504 0.4066944122314453 0.8888838873969184 0.36844673156738283 0.8888838873969184
5 0.1454939842224121 0.27569970024956597 0.2056098461151123 0.27569970024956597 0.2056098461151123 0.32391158209906684 0.1454939842224121 0.32391158209906684
7 0.17472505569458008 0.3121882756551107 0.20423622131347657 0.3121882756551107 0.20423622131347657 0.39198125203450523 0.17472505569458008 0.39198125203450523
6 0.41986031518624556 0.7034383954154735 0.45934813753581605 0.7034383954154735 0.45934813753581605 0.7793696275071638 0.41986031518624556 0.7793696275071638
