6 0.6207404136657715 0.6676033020019532 0.6659887313842774 0.6676033020019532 0.6659887313842774 0.7351302252875433 0.6207404136657715 0.7351302252875433
9 0.6743518352508545 0.4727894253200955 0.7162275791168213 0.4727894253200955 0.7162275791168213 0.5752031962076823 0.6743518352508545 0.5752031962076823
10 0.05696579217910767 0.486340840657552 0.08993369340896606 0.486340840657552 0.08993369340896606 0.5821172926161023 0.05696579217910767 0.5821172926161023
7 0.2604223728179932 0.33504905700683596 0.2944478511810303 0.33504905700683596 0.2944478511810303 0.4363827599419488 0.2604223728179932 0.4363827599419488
1 0.34971866607666013 0.8831110636393231 0.4308910846710205 0.8831110636393231 0.4308910846710205 0.9692367553710939 0.34971866607666013 0.9692367553710939
5 0.658725643157959 0.3606573316786024 0.6985908508300781 0.3606573316786024 0.6985908508300781 0.4202660454644097 0.658725643157959 0.4202660454644097
0 0.22019352912902831 0.7440960354275173 0.25887351036071776 0.7440960354275173 0.25887351036071776 0.8014197455512153 0.22019352912902831 0.8014197455512153
3 0.17341482047364398 0.8232323232323233 0.21008403361344535 0.8232323232323233 0.21008403361344535 0.8884220354808591 0.17341482047364398 0.8884220354808591
4 0.4278074866310161 0.8354553942789235 0.4530175706646295 0.8354553942789235 0.4530175706646295 0.8911382734912144 0.4278074866310161 0.8911382734912144
8 0.9025985054347828 0.18206521739130435 0.9354619565217395 0.18206521739130435 0.9354619565217395 0.24864130434782608 0.9025985054347828 0.24864130434782608
