7 0.25771517753601075 0.16499498155381948 0.3137980937957764 0.16499498155381948 0.3137980937957764 0.2687461853027344 0.25771517753601075 0.2687461853027344
9 0.18457798957824706 0.11744565963745117 0.23070425987243653 0.11744565963745117 0.23070425987243653 0.2122126685248481 0.18457798957824706 0.2122126685248481
0 0.22211949825286864 0.7445147196451823 0.2626863241195679 0.7445147196451823 0.2626863241195679 0.8030793084038629 0.22211949825286864 0.8030793084038629
1 0.4275458335876465 0.9176155938042535 0.544068431854248 0.9176155938042535 0.544068431854248 0.9944910685221354 0.4275458335876465 0.9944910685221354
8 0.8825750350952148 0.21513171725802951 0.9126386642456055 0.21513171725802951 0.9126386642456055 0.30277892218695746 0.8825750350952148 0.30277892218695746
10 0.3428988456726074 0.16650288899739582 0.41025991439819337 0.16650288899739582 0.41025991439819337 0.28620164659288194 0.3428988456726074 0.28620164659288194
7 0.342860746383667 0.16828414069281686 0.4108778953552246 0.16828414069281686 0.4108778953552246 0.28655789693196615 0.342860746383667 0.28655789693196615
5 0.5217533111572266 0.3510605706108941 0.5577287673950195 0.3510605706108941 0.5577287673950195 0.46187447441948787 0.5217533111572266 0.46187447441948787
3 0.37150787965616044 0.7607449856733524 0.39487822349570195 0.7607449856733524 0.39487822349570195 0.835243553008596 0.37150787965616044 0.835243553008596
4 0.8461676217765042 0.7750716332378225 0.8743732091690545 0.7750716332378225 0.8743732091690545 0.8739255014326648 0.8461676217765042 0.8739255014326648
