7 0.27270960807800293 0.10356923209296333 0.31761536598205564 0.10356923209296333 0.31761536598205564 0.22916959126790365 0.27270960807800293 0.22916959126790365
9 0.7400146484375 0.7304271274142795 0.7995435714721679 0.7304271274142795 0.7995435714721679 0.8572149488661024 0.7400146484375 0.8572149488661024
10 0.05086522102355957 0.3140425788031684 0.09181184768676758 0.3140425788031684 0.09181184768676758 0.4053026835123698 0.05086522102355957 0.4053026835123698
1 0.366499662399292 0.8845943874782987 0.44827589988708494 0.8845943874782987 0.44827589988708494 0.9702301025390625 0.366499662399292 0.9702301025390625
0 0.21997532844543458 0.7436410692003038 0.2578329563140869 0.7436410692003038 0.2578329563140869 0.8009924146864149 0.21997532844543458 0.8009924146864149
3 0.12675578594207765 0.7559858534071181 0.16589715480804443 0.7559858534071181 0.16589715480804443 0.8057668050130208 0.12675578594207765 0.8057668050130208
5 0.6808367729187011 0.23410839504665798 0.7056998252868653 0.23410839504665798 0.7056998252868653 0.29863306681315105 0.6808367729187011 0.29863306681315105
4 0.42704354469060346 0.832739156268568 0.45760122230710454 0.832739156268568 0.45760122230710454 0.8707664884135471 0.42704354469060346 0.8707664884135471
6 0.5821237585943468 0.6629742806213393 0.6302521008403359 0.6629742806213393 0.6302521008403359 0.7172990408284525 0.5821237585943468 0.7172990408284525
8 0.9171195652173914 0.15217391304347827 0.9408118206521738 0.15217391304347827 0.9408118206521738 0.22554347826086957 0.9171195652173914 0.22554347826086957
