9 0.7228846549987793 0.7036102294921875 0.7861281394958496 0.7036102294921875 0.7861281394958496 0.820800272623698 0.7228846549987793 0.820800272623698
1 0.6436830520629883 0.8853422376844619 0.7565139770507813 0.8853422376844619 0.7565139770507813 0.9453194512261285 0.6436830520629883 0.9453194512261285
5 0.13507453203201295 0.13276837666829427 0.1900276780128479 0.13276837666829427 0.1900276780128479 0.17810999552408854 0.13507453203201295 0.17810999552408854
10 0.1866477370262146 0.15177798800998263 0.236635160446167 0.15177798800998263 0.236635160446167 0.2767631530761719 0.1866477370262146 0.2767631530761719
8 0.5693708419799804 0.47682745191786025 0.6324724197387696 0.47682745191786025 0.6324724197387696 0.578423351711697 0.5693708419799804 0.578423351711697
0 0.3673643350601196 0.8122251722547743 0.45386695861816406 0.8122251722547743 0.45386695861816406 0.8667438083224827 0.3673643350601196 0.8667438083224827
4 0.3867019176483154 0.9141258239746094 0.4440141201019287 0.9141258239746094 0.4440141201019287 0.9721614413791233 0.3867019176483154 0.9721614413791233
7 0.50582275390625 0.40701395670572915 0.5332482337951661 0.40701395670572915 0.5332482337951661 0.47825800577799477 0.50582275390625 0.47825800577799477
4 0.32134485244750977 0.7839426676432292 0.35630598068237307 0.7839426676432292 0.35630598068237307 0.8268914116753472 0.32134485244750977 0.8268914116753472
2 0.39810171919770776 0.7535816618911174 0.43275429799426934 0.7535816618911174 0.43275429799426934 0.8223495702005731 0.39810171919770776 0.8223495702005731
