9 0.4728414535522461 0.32316538492838537 0.5308124542236328 0.32316538492838537 0.5308124542236328 0.42463836669921873 0.4728414535522461 0.42463836669921873
8 0.8714311599731446 0.5375473870171441 0.9113546371459961 0.5375473870171441 0.9113546371459961 0.621067386203342 0.8714311599731446 0.621067386203342
0 0.22113189697265626 0.7402891370985243 0.2606635093688965 0.7402891370985243 0.2606635093688965 0.7991205851236979 0.22113189697265626 0.7991205851236979
3 0.09339884519577027 0.6867649502224392 0.12921446561813354 0.6867649502224392 0.12921446561813354 0.7568421257866753 0.09339884519577027 0.7568421257866753
7 0.3721731185913086 0.3715124766031901 0.42912044525146487 0.3715124766031901 0.42912044525146487 0.45201293097601997 0.3721731185913086 0.45201293097601997
1 0.630970573425293 0.875814225938585 0.738547420501709 0.875814225938585 0.738547420501709 0.9365840488009982 0.630970573425293 0.9365840488009982
6 0.5820503234863281 0.66064330206977 0.6267288208007813 0.66064330206977 0.6267288208007813 0.7144421047634548 0.5820503234863281 0.7144421047634548
4 0.375366735458374 0.8029790242513021 0.40914669036865237 0.8029790242513021 0.40914669036865237 0.8755710177951389 0.375366735458374 0.8755710177951389
10 0.3282267332077026 0.7188760545518663 0.35022060871124266 0.7188760545518663 0.35022060871124266 0.7979798210991753 0.3282267332077026 0.7979798210991753
5 0.1736750841140747 0.1895226372612847 0.21211864948272705 0.1895226372612847 0.21211864948272705 0.2528573777940538 0.1736750841140747 0.2528573777940538
