9 0.6493079185485839 0.4639723883734809 0.6975417137145996 0.4639723883734809 0.6975417137145996 0.5675397237141927 0.6493079185485839 0.5675397237141927
0 0.22622852325439452 0.7446161058213976 0.2640251159667969 0.7446161058213976 0.2640251159667969 0.8003201802571615 0.22622852325439452 0.8003201802571615
5 0.29186286926269533 0.31644363403320314 0.3576216697692871 0.31644363403320314 0.3576216697692871 0.3763729519314236 0.29186286926269533 0.3763729519314236
6 0.1625302791595459 0.4576939900716146 0.2245551347732544 0.4576939900716146 0.2245551347732544 0.5794179280598958 0.1625302791595459 0.5794179280598958
10 0.7123606681823731 0.7768164740668404 0.7740735054016114 0.7768164740668404 0.7740735054016114 0.8939202202690973 0.7123606681823731 0.8939202202690973
3 0.2371612787246704 0.6463933308919271 0.29302570819854734 0.6463933308919271 0.29302570819854734 0.7181116739908854 0.2371612787246704 0.7181116739908854
7 0.5914572238922119 0.459515635172526 0.6367299556732178 0.459515635172526 0.6367299556732178 0.5718330383300781 0.5914572238922119 0.5718330383300781
8 0.38320324420928953 0.534700690375434 0.4320195198059082 0.534700690375434 0.4320195198059082 0.6447099473741319 0.38320324420928953 0.6447099473741319
2 0.6507943153381348 0.8893702189127605 0.7198527336120606 0.8893702189127605 0.7198527336120606 0.9316931830512153 0.6507943153381348 0.9316931830512153
4 0.8201655379984952 0.7745171808377225 0.8472535741158767 0.7745171808377225 0.8472535741158767 0.8293620934704455 0.8201655379984952 0.8293620934704455
