9 0.8713626861572266 0.45112787882486977 0.9084939956665039 0.45112787882486977 0.9084939956665039 0.5470441182454427 0.8713626861572266 0.5470441182454427
5 0.27173647880554197 0.16840252346462672 0.33559069633483884 0.16840252346462672 0.33559069633483884 0.2280943128797743 0.27173647880554197 0.2280943128797743
7 0.3462287664413452 0.4200861612955729 0.38233683109283445 0.4200861612955729 0.38233683109283445 0.4880281236436632 0.3462287664413452 0.4880281236436632
8 0.8210565567016601 0.7229576958550348 0.8548826217651367 0.7229576958550348 0.8548826217651367 0.8120715671115452 0.8210565567016601 0.8120715671115452
10 0.35264034271240235 0.7490756564670139 0.4088711738586426 0.7490756564670139 0.4088711738586426 0.8417595757378472 0.35264034271240235 0.8417595757378472
4 0.6161150932312012 0.6740000406901042 0.6689035415649414 0.6740000406901042 0.6689035415649414 0.7417332967122395 0.6161150932312012 0.7417332967122395
0 0.39306905269622805 0.805133056640625 0.45811939239501953 0.805133056640625 0.45811939239501953 0.8474806043836806 0.39306905269622805 0.8474806043836806
4 0.5817607879638672 0.6559526231553819 0.6026206970214844 0.6559526231553819 0.6026206970214844 0.7470915052625868 0.5817607879638672 0.7470915052625868
3 0.6853237152099609 0.8330623202853733 0.7206890106201171 0.8330623202853733 0.7206890106201171 0.884820302327474 0.6853237152099609 0.884820302327474
1 0.5559154987335205 0.900089603000217 0.6242912769317627 0.900089603000217 0.6242912769317627 0.9553881327311198 0.5559154987335205 0.9553881327311198
