10 0.11387047767639161 0.5624390496148004 0.16669752597808837 0.5624390496148004 0.16669752597808837 0.6609677632649741 0.11387047767639161 0.6609677632649741
0 0.216009521484375 0.7391555786132813 0.25948781967163087 0.7391555786132813 0.25948781967163087 0.7985387166341146 0.216009521484375 0.7985387166341146
3 0.10024876594543457 0.703441874186198 0.1221242904663086 0.703441874186198 0.1221242904663086 0.7700325859917535 0.10024876594543457 0.7700325859917535
5 0.491143798828125 0.8959376864963108 0.5493341445922851 0.8959376864963108 0.5493341445922851 0.9448253207736546 0.491143798828125 0.9448253207736546
8 0.480742883682251 0.5297551472981771 0.5000751972198486 0.5297551472981771 0.5000751972198486 0.6133143107096354 0.480742883682251 0.6133143107096354
4 0.3201610565185547 0.7770371331108941 0.3751672744750977 0.7770371331108941 0.3751672744750977 0.8195840623643663 0.3201610565185547 0.8195840623643663
1 0.41233205795288086 0.8998765733506945 0.5063874244689941 0.8998765733506945 0.5063874244689941 0.9611316257052951 0.41233205795288086 0.9611316257052951
7 0.8170959436776848 0.3454189893105247 0.8506896141689463 0.3454189893105247 0.8506896141689463 0.4039075902947293 0.8170959436776848 0.4039075902947293
9 0.8397291196388263 0.37455062285762053 0.8690744920993229 0.37455062285762053 0.8690744920993229 0.4641752361842655 0.8397291196388263 0.4641752361842655
6 0.3784800601956358 0.7330490761642003 0.4108352144469526 0.7330490761642003 0.4108352144469526 0.7878939887969232 0.3784800601956358 0.7878939887969232
