9 0.7700124740600586 0.5466564602322048 0.8306463241577149 0.5466564602322048 0.8306463241577149 0.6579037136501736 0.7700124740600586 0.6579037136501736
7 0.24729042053222655 0.20328093634711372 0.29255380630493166 0.20328093634711372 0.29255380630493166 0.31989983452690973 0.24729042053222655 0.31989983452690973
2 0.40426025390625 0.8855738321940104 0.45085830688476564 0.8855738321940104 0.45085830688476564 0.9545639038085938 0.40426025390625 0.9545639038085938
0 0.18577096462249756 0.7198738945855034 0.2308427095413208 0.7198738945855034 0.2308427095413208 0.7807300143771702 0.18577096462249756 0.7807300143771702
10 0.3811954975128174 0.22218797471788193 0.41462016105651855 0.22218797471788193 0.41462016105651855 0.3357189602322049 0.3811954975128174 0.3357189602322049
10 0.38052144050598147 0.22121522691514756 0.41458849906921386 0.22121522691514756 0.41458849906921386 0.3348703172471788 0.38052144050598147 0.3348703172471788
1 0.31612329483032225 0.7014695909288194 0.35764379501342775 0.7014695909288194 0.35764379501342775 0.7365364922417534 0.31612329483032225 0.7365364922417534
8 0.5922200202941894 0.5078074985080295 0.6360636711120605 0.5078074985080295 0.6360636711120605 0.5786187065972223 0.5922200202941894 0.5786187065972223
5 0.3790407180786133 0.3338726891411675 0.4133514404296875 0.3338726891411675 0.4133514404296875 0.3724714067247179 0.3790407180786133 0.3724714067247179
4 0.326561324303988 0.838725859041886 0.34462001504890893 0.838725859041886 0.34462001504890893 0.9096229412256499 0.326561324303988 0.9096229412256499
