7 0.29567646980285645 0.31099141438802086 0.3317680835723877 0.31099141438802086 0.3317680835723877 0.4280725267198351 0.29567646980285645 0.4280725267198351
9 0.4347408294677734 0.6536765204535591 0.493680477142334 0.6536765204535591 0.493680477142334 0.7556427001953125 0.4347408294677734 0.7556427001953125
8 0.3039560317993164 0.6603071424696181 0.3580935478210449 0.6603071424696181 0.3580935478210449 0.747300550672743 0.3039560317993164 0.747300550672743
0 0.2699848175048828 0.8658547295464409 0.36942262649536134 0.8658547295464409 0.36942262649536134 0.921286858452691 0.2699848175048828 0.921286858452691
1 0.3385580539703369 0.30594056447347007 0.40612945556640623 0.30594056447347007 0.40612945556640623 0.4066163804796007 0.3385580539703369 0.4066163804796007
10 0.352901554107666 0.7062589857313368 0.419107723236084 0.7062589857313368 0.419107723236084 0.7988265991210938 0.352901554107666 0.7988265991210938
4 0.4479724884033203 0.94175779554579 0.5019067764282227 0.94175779554579 0.5019067764282227 0.9900050693088107 0.4479724884033203 0.9900050693088107
2 0.6518842220306397 0.8840727912055122 0.7280110836029052 0.8840727912055122 0.7280110836029052 0.9351831224229601 0.6518842220306397 0.9351831224229601
5 0.41287875175476074 0.9116206698947482 0.4642027378082275 0.9116206698947482 0.4642027378082275 0.9479011535644531 0.41287875175476074 0.9479011535644531
3 0.20329483695652178 0.8464673913043478 0.25985054347826086 0.8464673913043478 0.25985054347826086 0.9076086956521738 0.20329483695652178 0.9076086956521738
