7 0.36988091468811035 0.28401658799913193 0.4351814746856689 0.28401658799913193 0.4351814746856689 0.41965069240993924 0.36988091468811035 0.41965069240993924
5 0.27986104488372804 0.16879814995659723 0.3387238264083862 0.16879814995659723 0.3387238264083862 0.22571745978461372 0.27986104488372804 0.22571745978461372
10 0.05529143810272217 0.2420260111490885 0.09441667795181274 0.2420260111490885 0.09441667795181274 0.3524617936876085 0.05529143810272217 0.3524617936876085
1 0.40140929222106936 0.8979783799913195 0.5071929454803467 0.8979783799913195 0.5071929454803467 0.976922607421875 0.40140929222106936 0.976922607421875
0 0.21883711814880372 0.7419064839680991 0.25922093391418455 0.7419064839680991 0.25922093391418455 0.8007820129394533 0.21883711814880372 0.8007820129394533
6 0.6070042610168457 0.6421166737874349 0.6481209754943847 0.6421166737874349 0.6481209754943847 0.7192654079861112 0.6070042610168457 0.7192654079861112
3 0.1614910364151001 0.7857426113552517 0.18164026737213135 0.7857426113552517 0.18164026737213135 0.8609299553765191 0.1614910364151001 0.8609299553765191
9 0.6484151840209961 0.6184261745876736 0.6754367828369141 0.6184261745876736 0.6754367828369141 0.7127973768446181 0.6484151840209961 0.7127973768446181
4 0.3298516273498535 0.8131093343098956 0.34812169075012206 0.8131093343098956 0.34812169075012206 0.855968560112847 0.3298516273498535 0.855968560112847
8 0.6493185043334961 0.6188145955403646 0.6753420829772949 0.6188145955403646 0.6753420829772949 0.713611094156901 0.6493185043334961 0.713611094156901
