8 0.6467806816101074 0.679204813639323 0.6791460990905762 0.679204813639323 0.6791460990905762 0.7440333048502604 0.6467806816101074 0.7440333048502604
7 0.17473163604736297 0.7745608658835514 0.22103128433227498 0.7745608658835514 0.22103128433227498 0.8876693725585909 0.17473163604736297 0.8876693725585909
4 0.39631357192993166 0.8504787021213107 0.43687868118286133 0.8504787021213107 0.43687868118286133 0.9023977491590712 0.39631357192993166 0.9023977491590712
1 0.29024648666381836 0.8626313103569878 0.3470590591430664 0.8626313103569878 0.3470590591430664 0.9626107957628038 0.29024648666381836 0.9626107957628038
10 0.06255216598510742 0.6590802086724176 0.10650054216384888 0.6590802086724176 0.10650054216384888 0.7481589423285591 0.06255216598510742 0.7481589423285591
9 0.8931614875793457 0.6178053114149306 0.9193339347839355 0.6178053114149306 0.9193339347839355 0.6945227728949652 0.8931614875793457 0.6945227728949652
0 0.22477545738220214 0.7461585150824652 0.2559675693511963 0.7461585150824652 0.2559675693511963 0.7983127170138888 0.22477545738220214 0.7983127170138888
5 0.507199764251709 0.8790451049804687 0.5546385765075683 0.8790451049804687 0.5546385765075683 0.9907129923502604 0.507199764251709 0.9907129923502604
6 0.4157608695652174 0.7282608695652172 0.4593240489130432 0.7282608695652172 0.4593240489130432 0.8138586956521738 0.4157608695652174 0.8138586956521738
3 0.11846127717391304 0.7880434782608694 0.15361752717391303 0.7880434782608694 0.15361752717391303 0.8220108695652172 0.11846127717391304 0.8220108695652172
