7 0.44800586700439454 0.37393629286024305 0.493089485168457 0.37393629286024305 0.493089485168457 0.46700456407335067 0.44800586700439454 0.46700456407335067
9 0.7108768463134766 0.6842812432183158 0.7496330261230468 0.6842812432183158 0.7496330261230468 0.8138807508680554 0.7108768463134766 0.8138807508680554
0 0.2211914539337158 0.7453537835015192 0.26125125885009765 0.7453537835015192 0.26125125885009765 0.8047599792480469 0.2211914539337158 0.8047599792480469
1 0.6731834411621094 0.8871359931098091 0.7742705345153809 0.8871359931098091 0.7742705345153809 0.9431347317165799 0.6731834411621094 0.9431347317165799
4 0.42276291847229003 0.8998012966579861 0.47488179206848147 0.8998012966579861 0.47488179206848147 0.9507073296440972 0.42276291847229003 0.9507073296440972
3 0.463364315032959 0.9142603556315104 0.5091048240661621 0.9142603556315104 0.5091048240661621 0.9792977227105035 0.463364315032959 0.9792977227105035
5 0.49525928497314453 0.795049540201823 0.5364551544189453 0.795049540201823 0.5364551544189453 0.888470458984375 0.49525928497314453 0.888470458984375
10 0.3490412712097168 0.7421562194824218 0.38740363121032717 0.7421562194824218 0.38740363121032717 0.8201011657714844 0.3490412712097168 0.8201011657714844
8 0.7804529569893649 0.6971732245551218 0.8078464508056633 0.6971732245551218 0.8078464508056633 0.7711597378259252 0.7804529569893649 0.7711597378259252
4 0.5136656761169434 0.8726357354058158 0.5597882270812988 0.8726357354058158 0.5597882270812988 0.9711000230577256 0.5136656761169434 0.9711000230577256
