9 0.2538747787475586 0.34505254957411025 0.30703015327453614 0.34505254957411025 0.30703015327453614 0.4391548580593533 0.2538747787475586 0.4391548580593533
6 0.5872561454772949 0.6582934061686196 0.6333260536193848 0.6582934061686196 0.6333260536193848 0.7154623243543835 0.5872561454772949 0.7154623243543835
0 0.22156329154968263 0.7481755574544269 0.261708402633667 0.7481755574544269 0.261708402633667 0.8037514580620658 0.22156329154968263 0.8037514580620658
5 0.11170880794525147 0.34687347412109376 0.15791728496551513 0.34687347412109376 0.15791728496551513 0.392218017578125 0.11170880794525147 0.392218017578125
8 0.8615291595458985 0.4288505554199219 0.9055370330810547 0.4288505554199219 0.9055370330810547 0.523028818766276 0.8615291595458985 0.523028818766276
4 0.4443958282470703 0.9219701978895399 0.5023363113403321 0.9219701978895399 0.5023363113403321 0.983532969156901 0.4443958282470703 0.983532969156901
10 0.36171655654907225 0.6829830593532986 0.3847057342529297 0.6829830593532986 0.3847057342529297 0.7960199991861979 0.36171655654907225 0.7960199991861979
7 0.05921838283538818 0.1597309112548828 0.08934273719787597 0.1597309112548828 0.08934273719787597 0.2487742953830295 0.05921838283538818 0.2487742953830295
1 0.5643477439880371 0.8828501383463542 0.6005316734313965 0.8828501383463542 0.6005316734313965 0.9605802747938368 0.5643477439880371 0.9605802747938368
4 0.29653639793395997 0.7632895575629342 0.3134511947631836 0.7632895575629342 0.3134511947631836 0.8070870293511286 0.29653639793395997 0.8070870293511286
