9 0.7248955726623535 0.612076907687717 0.7849629402160645 0.612076907687717 0.7849629402160645 0.7094861348470052 0.7248955726623535 0.7094861348470052
6 0.611418342590332 0.7291547987196181 0.6588018417358399 0.7291547987196181 0.6588018417358399 0.8106950547960069 0.611418342590332 0.8106950547960069
0 0.22187402248382568 0.7467987060546875 0.26073124408721926 0.7467987060546875 0.26073124408721926 0.8035013834635417 0.22187402248382568 0.8035013834635417
5 0.2774263858795166 0.8232337951660156 0.32924580574035645 0.8232337951660156 0.32924580574035645 0.8790265401204427 0.2774263858795166 0.8790265401204427
10 0.616469144821167 0.6523409949408638 0.6781818866729736 0.6523409949408638 0.6781818866729736 0.7163011338975696 0.616469144821167 0.7163011338975696
7 0.4865564346313477 0.28074798583984373 0.5092758178710938 0.28074798583984373 0.5092758178710938 0.3667677985297309 0.4865564346313477 0.3667677985297309
3 0.5038779735565185 0.9132437811957466 0.5372554302215576 0.9132437811957466 0.5372554302215576 0.995467291937934 0.5038779735565185 0.995467291937934
4 0.37184782028198243 0.837183634440104 0.42548608779907227 0.837183634440104 0.42548608779907227 0.8778564453124998 0.37184782028198243 0.8778564453124998
1 0.7714157104492188 0.8333319769965277 0.8365972518920899 0.8333319769965277 0.8365972518920899 0.924763658311632 0.7714157104492188 0.924763658311632
4 0.4712015151977539 0.9149753146701389 0.505155372619629 0.9149753146701389 0.505155372619629 0.9870039198133681 0.4712015151977539 0.9870039198133681
8 0.7840780258178711 0.6900519476996527 0.8063068389892578 0.6900519476996527 0.8063068389892578 0.7389921400282118 0.7840780258178711 0.7389921400282118
