6 0.6185511112213135 0.6601807064480252 0.6522840976715087 0.6601807064480252 0.6522840976715087 0.7288540310329861 0.6185511112213135 0.7288540310329861
0 0.22145528793334962 0.7461966620551215 0.26123476028442383 0.7461966620551215 0.26123476028442383 0.8042648315429688 0.22145528793334962 0.8042648315429688
9 0.6717521667480468 0.6872385660807292 0.7378067016601563 0.6872385660807292 0.7378067016601563 0.7976230197482639 0.6717521667480468 0.7976230197482639
1 0.7617690086364746 0.8616309271918403 0.845089054107666 0.8616309271918403 0.845089054107666 0.9340443929036458 0.7617690086364746 0.9340443929036458
4 0.46962566375732423 0.9197662353515625 0.5178632736206055 0.9197662353515625 0.5178632736206055 0.9926808675130209 0.46962566375732423 0.9926808675130209
8 0.7835715293884278 0.5787439134385851 0.8170401573181152 0.5787439134385851 0.8170401573181152 0.6486523946126302 0.7835715293884278 0.6486523946126302
10 0.6725550651550293 0.6181959364149305 0.7430981636047364 0.6181959364149305 0.7430981636047364 0.6989434136284722 0.6725550651550293 0.6989434136284722
3 0.5466087341308594 0.8739778306749132 0.592231559753418 0.8739778306749132 0.592231559753418 0.9167804294162326 0.5466087341308594 0.9167804294162326
7 0.5570449829101562 0.5534280565049913 0.5932661056518554 0.5534280565049913 0.5932661056518554 0.6260902404785156 0.5570449829101562 0.6260902404785156
5 0.08300501432664756 0.21633237822349574 0.12732808022922631 0.21633237822349574 0.12732808022922631 0.29512893982808025 0.08300501432664756 0.29512893982808025
