7 0.2836839437484741 0.40046162075466574 0.3383067846298218 0.40046162075466574 0.3383067846298218 0.5126194847954644 0.2836839437484741 0.5126194847954644
5 0.3334950923919678 0.2010348002115886 0.3865851879119873 0.2010348002115886 0.3865851879119873 0.2897766537136502 0.3334950923919678 0.2897766537136502
4 0.390411901473999 0.8145677354600694 0.4271003246307373 0.8145677354600694 0.4271003246307373 0.8797600640190972 0.390411901473999 0.8797600640190972
0 0.21992814540863037 0.7495970831976997 0.26001250743865967 0.7495970831976997 0.26001250743865967 0.7953307257758246 0.21992814540863037 0.7953307257758246
10 0.2137852668762207 0.599269527859158 0.23728499412536622 0.599269527859158 0.23728499412536622 0.6976463317871093 0.2137852668762207 0.6976463317871093
1 0.3322286128997803 0.8806523640950519 0.3985002517700195 0.8806523640950519 0.3985002517700195 0.9486129760742186 0.3322286128997803 0.9486129760742186
8 0.6340928554534913 0.6823191324869792 0.6521203517913818 0.6823191324869792 0.6521203517913818 0.7340493096245659 0.6340928554534913 0.7340493096245659
9 0.7192267417907715 0.37453524271647143 0.7781918525695801 0.37453524271647143 0.7781918525695801 0.47022709316677525 0.7192267417907715 0.47022709316677525
6 0.42245989304812576 0.7308802308802296 0.463712757830402 0.7308802308802296 0.463712757830402 0.7906374671080544 0.42245989304812576 0.7906374671080544
3 0.10466004583651642 0.7756981580510991 0.1390374331550802 0.7756981580510991 0.1390374331550802 0.8123673711909005 0.10466004583651642 0.8123673711909005
