9 0.8209611892700195 0.5551804436577691 0.8651355743408203 0.5551804436577691 0.8651355743408203 0.6631401909722222 0.8209611892700195 0.6631401909722222
10 0.5994084358215332 0.7064108954535591 0.6653248786926269 0.7064108954535591 0.6653248786926269 0.8136913723415798 0.5994084358215332 0.8136913723415798
7 0.464471435546875 0.2560650719536675 0.514949893951416 0.2560650719536675 0.514949893951416 0.3502407497829861 0.464471435546875 0.3502407497829861
0 0.22150774002075196 0.7458676656087238 0.2609156608581543 0.7458676656087238 0.2609156608581543 0.80425542195638 0.22150774002075196 0.80425542195638
1 0.7678609848022461 0.8546844482421875 0.841746711730957 0.8546844482421875 0.841746711730957 0.93065185546875 0.7678609848022461 0.93065185546875
3 0.4979097366333008 0.913255140516493 0.5389970779418946 0.913255140516493 0.5389970779418946 0.9968905978732638 0.4979097366333008 0.9968905978732638
8 0.7816271781921387 0.6753840976291232 0.8086346626281739 0.6753840976291232 0.8086346626281739 0.7313965691460503 0.7816271781921387 0.7313965691460503
4 0.4247912883758545 0.9102733188205295 0.449265718460083 0.9102733188205295 0.449265718460083 0.9824351840549045 0.4247912883758545 0.9824351840549045
4 0.47048401832580566 0.9395594278971354 0.5010921955108643 0.9395594278971354 0.5010921955108643 0.9940397474500868 0.47048401832580566 0.9940397474500868
5 0.28447349570200575 0.7808022922636103 0.33927292263610315 0.7808022922636103 0.33927292263610315 0.826647564469914 0.28447349570200575 0.826647564469914
