3 0.2826411724090576 0.6484815385606554 0.33841824531555176 0.6484815385606554 0.33841824531555176 0.7128367106119792 0.2826411724090576 0.7128367106119792
8 0.8781183242797852 0.38221825493706596 0.9203590393066406 0.38221825493706596 0.9203590393066406 0.4796532524956597 0.8781183242797852 0.4796532524956597
0 0.2227632761001587 0.7433567470974393 0.2607553243637085 0.7433567470974393 0.2607553243637085 0.800274912516276 0.2227632761001587 0.800274912516276
7 0.08428088426589966 0.5095965067545573 0.13397876024246216 0.5095965067545573 0.13397876024246216 0.6294626024034288 0.08428088426589966 0.6294626024034288
9 0.28359169960021974 0.4583420647515191 0.33900904655456543 0.4583420647515191 0.33900904655456543 0.5597106085883247 0.28359169960021974 0.5597106085883247
1 0.6308066368103027 0.876500023735894 0.7375693321228027 0.876500023735894 0.7375693321228027 0.9364323086208766 0.6308066368103027 0.9364323086208766
4 0.3800950527191162 0.7985387166341146 0.40875911712646484 0.7985387166341146 0.40875911712646484 0.8769217597113715 0.3800950527191162 0.8769217597113715
5 0.08001234531402587 0.1268432829115126 0.12034308910369873 0.1268432829115126 0.12034308910369873 0.1705144034491645 0.08001234531402587 0.1705144034491645
10 0.33222479820251466 0.7026010301378038 0.3583106517791748 0.7026010301378038 0.3583106517791748 0.7910762363009982 0.33222479820251466 0.7910762363009982
6 0.5553047404063204 0.6541259092049159 0.5869074492099322 0.6541259092049159 0.5869074492099322 0.710308502633559 0.5553047404063204 0.710308502633559
