5 0.4376055717468262 0.9271371629503038 0.5071354866027832 0.9271371629503038 0.5071354866027832 0.9801019456651475 0.4376055717468262 0.9801019456651475
7 0.22082908153533937 0.8111055162217882 0.26637275218963624 0.8111055162217882 0.26637275218963624 0.9063634236653646 0.22082908153533937 0.9063634236653646
1 0.32176833152770995 0.8766012403700086 0.36008472442626954 0.8766012403700086 0.36008472442626954 0.9784024556477865 0.32176833152770995 0.9784024556477865
0 0.22032277584075927 0.7466668023003471 0.25673081874847414 0.7466668023003471 0.25673081874847414 0.800934855143229 0.22032277584075927 0.800934855143229
9 0.9002776145935059 0.5200648413764106 0.921608829498291 0.5200648413764106 0.921608829498291 0.5974545372856988 0.9002776145935059 0.5974545372856988
6 0.3718400955200195 0.7372687445746527 0.4103837013244629 0.7372687445746527 0.4103837013244629 0.8020601060655382 0.3718400955200195 0.8020601060655382
7 0.06254397630691529 0.623502688937717 0.08337591886520386 0.623502688937717 0.08337591886520386 0.7213599310980903 0.06254397630691529 0.7213599310980903
10 0.06248650550842285 0.6222970750596788 0.0831453561782837 0.6222970750596788 0.0831453561782837 0.7209853278266058 0.06248650550842285 0.7209853278266058
8 0.6618108749389648 0.7078909979926216 0.7009801864624023 0.7078909979926216 0.7009801864624023 0.7505657619900173 0.6618108749389648 0.7505657619900173
4 0.4148204736440021 0.8286647992530316 0.4400305576776168 0.8286647992530316 0.4400305576776168 0.9115100585688817 0.4148204736440021 0.9115100585688817
3 0.12839673913043478 0.7907608695652174 0.16355298913043476 0.7907608695652174 0.16355298913043476 0.8220108695652174 0.12839673913043478 0.8220108695652174
