9 0.6802512168884277 0.6313767327202691 0.7476616859436035 0.6313767327202691 0.7476616859436035 0.7375950283474393 0.6802512168884277 0.7375950283474393
0 0.2216118812561035 0.7463416205512152 0.2610830307006836 0.7463416205512152 0.2610830307006836 0.8037078857421875 0.2216118812561035 0.8037078857421875
7 0.4678978443145752 0.30210645463731556 0.5046960353851319 0.30210645463731556 0.5046960353851319 0.3740750630696615 0.4678978443145752 0.3740750630696615
1 0.771527099609375 0.8386276245117188 0.8295806884765625 0.8386276245117188 0.8295806884765625 0.9318305121527778 0.771527099609375 0.9318305121527778
3 0.5071559429168702 0.9077248467339409 0.5332156658172608 0.9077248467339409 0.5332156658172608 0.9938886854383681 0.5071559429168702 0.9938886854383681
10 0.545328426361084 0.7110450744628907 0.5730727195739747 0.7110450744628907 0.5730727195739747 0.7820713467068142 0.545328426361084 0.7820713467068142
5 0.3564620018005371 0.9292431301540799 0.4184847831726074 0.9292431301540799 0.4184847831726074 0.9691272311740451 0.3564620018005371 0.9691272311740451
4 0.37207765579223634 0.8674161275227864 0.42136354446411134 0.8674161275227864 0.42136354446411134 0.9047572665744358 0.37207765579223634 0.9047572665744358
8 0.7794695854187011 0.7054434882269967 0.799428653717041 0.7054434882269967 0.799428653717041 0.7462709214952259 0.7794695854187011 0.7462709214952259
6 0.6541504859924316 0.6660035027398004 0.6760462760925293 0.6660035027398004 0.6760462760925293 0.7259605407714844 0.6541504859924316 0.7259605407714844
