10 0.6026864051818848 0.7348546346028644 0.6704513549804687 0.7348546346028644 0.6704513549804687 0.8610856797960068 0.6026864051818848 0.8610856797960068
7 0.26663923263549805 0.13695778316921658 0.3357666015625 0.13695778316921658 0.3357666015625 0.26154566870795354 0.26663923263549805 0.26154566870795354
9 0.34635372161865235 0.19600143432617187 0.3859752655029297 0.19600143432617187 0.3859752655029297 0.31878458658854164 0.34635372161865235 0.31878458658854164
0 0.22169060707092286 0.745644293891059 0.2615238666534424 0.745644293891059 0.2615238666534424 0.8039016723632812 0.22169060707092286 0.8039016723632812
5 0.33985190391540526 0.31328247918023006 0.4049576759338379 0.31328247918023006 0.4049576759338379 0.40440695020887585 0.33985190391540526 0.40440695020887585
1 0.6104830741882324 0.8883251614040799 0.7110304832458496 0.8883251614040799 0.7110304832458496 0.949233161078559 0.6104830741882324 0.949233161078559
4 0.46779661178588866 0.9091442532009548 0.5104004859924316 0.9091442532009548 0.5104004859924316 0.9840103149414062 0.46779661178588866 0.9840103149414062
4 0.3588165283203125 0.7942611694335937 0.3872563362121582 0.7942611694335937 0.3872563362121582 0.8506145901150174 0.3588165283203125 0.8506145901150174
8 0.8991060256958008 0.30010524325900606 0.9224172592163086 0.30010524325900606 0.9224172592163086 0.3729595184326172 0.8991060256958008 0.3729595184326172
6 0.5939024925231934 0.6581182691786025 0.6282676696777344 0.6581182691786025 0.6282676696777344 0.7121628655327691 0.5939024925231934 0.7121628655327691
