7 0.08732926845550537 0.40689235263400614 0.13605527877807616 0.40689235263400614 0.13605527877807616 0.533525382147895 0.08732926845550537 0.533525382147895
0 0.22238366603851317 0.7471476236979169 0.26072547435760496 0.7471476236979169 0.26072547435760496 0.8038926866319446 0.22238366603851317 0.8038926866319446
9 0.7604501724243165 0.6255393134223091 0.7867361068725586 0.6255393134223091 0.7867361068725586 0.7297434488932292 0.7604501724243165 0.7297434488932292
5 0.16633350849151612 0.4062526702880859 0.22167129516601564 0.4062526702880859 0.22167129516601564 0.485116704305013 0.16633350849151612 0.485116704305013
1 0.5919078826904297 0.8763327704535591 0.6806505203247071 0.8763327704535591 0.6806505203247071 0.9345643785264757 0.5919078826904297 0.9345643785264757
4 0.443162727355957 0.93765869140625 0.49385643005371094 0.93765869140625 0.49385643005371094 0.9901848687065973 0.443162727355957 0.9901848687065973
8 0.9097942352294922 0.16423250834147138 0.9371883392333984 0.16423250834147138 0.9371883392333984 0.23501705593532987 0.9097942352294922 0.23501705593532987
10 0.3656793117523193 0.5931674533420139 0.4147928714752197 0.5931674533420139 0.4147928714752197 0.6923755221896701 0.3656793117523193 0.6923755221896701
3 0.40398216247558594 0.8088962978786892 0.4337636947631836 0.8088962978786892 0.4337636947631836 0.866434817843967 0.40398216247558594 0.866434817843967
4 0.40616045845272203 0.7234957020057307 0.42711318051575925 0.7234957020057307 0.42711318051575925 0.7693409742120344 0.40616045845272203 0.7693409742120344
