5 0.27675514221191405 0.3779741499159071 0.332121753692627 0.3779741499159071 0.332121753692627 0.4280917273627387 0.27675514221191405 0.4280917273627387
2 0.407576847076416 0.8803717719184028 0.4518141746520996 0.8803717719184028 0.4518141746520996 0.9519502427842882 0.407576847076416 0.9519502427842882
1 0.2321340560913086 0.5407118903266059 0.30772953033447265 0.5407118903266059 0.30772953033447265 0.6030357360839844 0.2321340560913086 0.6030357360839844
7 0.2588918447494507 0.19945905473497177 0.2857795000076294 0.19945905473497177 0.2857795000076294 0.3104798846774631 0.2588918447494507 0.3104798846774631
10 0.3775539541710939 0.20916628091692696 0.4106119776238527 0.20916628091692696 0.4106119776238527 0.3462303881760415 0.3775539541710939 0.3462303881760415
0 0.18718531131744384 0.7222515530056424 0.22843482494354247 0.7222515530056424 0.22843482494354247 0.7819268120659723 0.18718531131744384 0.7819268120659723
3 0.44981207847595217 0.9201310051812066 0.5050858974456787 0.9201310051812066 0.5050858974456787 0.9924776713053386 0.44981207847595217 0.9924776713053386
7 0.5908842086791992 0.5173909505208333 0.6298900604248047 0.5173909505208333 0.6298900604248047 0.5800204806857638 0.5908842086791992 0.5800204806857638
4 0.31604628562927245 0.8373639424641927 0.3571791172027588 0.8373639424641927 0.3571791172027588 0.9145495096842448 0.31604628562927245 0.9145495096842448
9 0.8934059143066406 0.5471472846137153 0.9071327209472656 0.5471472846137153 0.9071327209472656 0.6557898627387153 0.8934059143066406 0.6557898627387153
