8 0.8347764015197754 0.40542594061957465 0.8870854377746582 0.40542594061957465 0.8870854377746582 0.5216058519151475 0.8347764015197754 0.5216058519151475
7 0.28206071853637693 0.6543386671278212 0.32422428131103515 0.6543386671278212 0.32422428131103515 0.7492264641655816 0.28206071853637693 0.7492264641655816
10 0.694847583770752 0.7687601725260417 0.7498942375183105 0.7687601725260417 0.7498942375183105 0.8857170952690973 0.694847583770752 0.8857170952690973
5 0.6131681442260742 0.6168658786349827 0.6783670425415039 0.6168658786349827 0.6783670425415039 0.6596238030327691 0.6131681442260742 0.6596238030327691
1 0.5839350700378418 0.8814231024848092 0.7031256675720214 0.8814231024848092 0.7031256675720214 0.9394556681315106 0.5839350700378418 0.9394556681315106
0 0.4083059310913086 0.8062969631618924 0.45824394226074217 0.8062969631618924 0.45824394226074217 0.8856180826822917 0.4083059310913086 0.8856180826822917
3 0.5070531845092774 0.9084091186523438 0.5411093711853028 0.9084091186523438 0.5411093711853028 0.9846033732096354 0.5070531845092774 0.9846033732096354
2 0.5435839653015136 0.7490768432617188 0.598874282836914 0.7490768432617188 0.598874282836914 0.7981877644856771 0.5435839653015136 0.7981877644856771
9 0.6108417510986328 0.6360532548692491 0.6290071487426758 0.6360532548692491 0.6290071487426758 0.7251422458224827 0.6108417510986328 0.7251422458224827
6 0.6523702031602708 0.6822172059192375 0.7005267118133934 0.6822172059192375 0.7005267118133934 0.7718418192458825 0.6523702031602708 0.7718418192458825
