7 0.46520123481750486 0.31321080525716144 0.5180409908294678 0.31321080525716144 0.5180409908294678 0.3999083624945747 0.46520123481750486 0.3999083624945747
4 0.3822232723236084 0.9279695298936632 0.43512816429138185 0.9279695298936632 0.43512816429138185 0.9688339233398438 0.3822232723236084 0.9688339233398438
1 0.646499490737915 0.8862952338324652 0.7560885906219482 0.8862952338324652 0.7560885906219482 0.9425042046440972 0.646499490737915 0.9425042046440972
5 0.12621248960494996 0.15758128696017795 0.1848268151283264 0.15758128696017795 0.1848268151283264 0.2058499230278863 0.12621248960494996 0.2058499230278863
0 0.369965648651123 0.8118585374620225 0.450018310546875 0.8118585374620225 0.450018310546875 0.8659475538465712 0.369965648651123 0.8659475538465712
9 0.720091438293457 0.3358322991265191 0.7695623397827148 0.3358322991265191 0.7695623397827148 0.4167649163140191 0.720091438293457 0.4167649163140191
10 0.1808253526687622 0.15062654283311633 0.24317376613616942 0.15062654283311633 0.24317376613616942 0.2505932278103299 0.1808253526687622 0.2505932278103299
2 0.3956840974212035 0.6217765042979942 0.42953080229226365 0.6217765042979942 0.42953080229226365 0.673352435530086 0.3956840974212035 0.673352435530086
8 0.700304441260745 0.7220630372492837 0.7349570200573066 0.7220630372492837 0.7349570200573066 0.7621776504297995 0.700304441260745 0.7621776504297995
6 0.4287249283667622 0.7349570200573066 0.4633775071633238 0.7349570200573066 0.4633775071633238 0.82378223495702 0.4287249283667622 0.82378223495702
