9 0.8288163185119629 0.6749498579237196 0.8656023979187012 0.6749498579237196 0.8656023979187012 0.7870222303602431 0.8288163185119629 0.7870222303602431
0 0.22163968086242675 0.7319235059950087 0.25841431617736815 0.7319235059950087 0.25841431617736815 0.7898124694824219 0.22163968086242675 0.7898124694824219
10 0.5841256141662597 0.6841022067599826 0.6150486946105957 0.6841022067599826 0.6150486946105957 0.8006700303819444 0.5841256141662597 0.8006700303819444
3 0.42293262481689453 0.8816287570529514 0.4823740005493164 0.8816287570529514 0.4823740005493164 0.932122802734375 0.42293262481689453 0.932122802734375
1 0.38233184814453125 0.9149551391601562 0.4316549301147461 0.9149551391601562 0.4316549301147461 0.9890504625108507 0.38233184814453125 0.9890504625108507
7 0.6682874715444824 0.38110792371961805 0.6928781545278808 0.38110792371961805 0.6928781545278808 0.4886749267578125 0.6682874715444824 0.4886749267578125
4 0.3452108383178711 0.7954444037543402 0.3792096138000488 0.7954444037543402 0.3792096138000488 0.8466827392578125 0.3452108383178711 0.8466827392578125
8 0.7787839889526367 0.7133744981553819 0.8046333312988281 0.7133744981553819 0.8046333312988281 0.7841156005859375 0.7787839889526367 0.7841156005859375
5 0.2302483069977427 0.854778028592927 0.2738901429646351 0.854778028592927 0.2738901429646351 0.9056098988378897 0.2302483069977427 0.9056098988378897
6 0.693002257336343 0.5952679541844328 0.7170805116629044 0.5952679541844328 0.7170805116629044 0.691580971490678 0.693002257336343 0.691580971490678
