5 0.3992326736450195 0.12552051544189452 0.47506113052368165 0.12552051544189452 0.47506113052368165 0.17392088572184242 0.3992326736450195 0.17392088572184242
7 0.29804329872131347 0.19095564948187935 0.3584716320037842 0.19095564948187935 0.3584716320037842 0.3218176523844401 0.29804329872131347 0.3218176523844401
10 0.15836894512176514 0.5927665710449219 0.21629853248596193 0.5927665710449219 0.21629853248596193 0.6819057040744358 0.15836894512176514 0.6819057040744358
8 0.8825017929077148 0.4401793162027994 0.9192193984985352 0.4401793162027994 0.9192193984985352 0.5271530575222438 0.8825017929077148 0.5271530575222438
4 0.4149943351745605 0.8049038357204861 0.4473721504211426 0.8049038357204861 0.4473721504211426 0.8939931233723958 0.4149943351745605 0.8939931233723958
6 0.6468259811401367 0.677929433186849 0.6774896621704102 0.677929433186849 0.6774896621704102 0.7568884107801649 0.6468259811401367 0.7568884107801649
1 0.37612462043762207 0.860393778483073 0.4069455623626709 0.860393778483073 0.4069455623626709 0.9729707505967882 0.37612462043762207 0.9729707505967882
9 0.5430058479309082 0.4338314480251736 0.5795040130615234 0.4338314480251736 0.5795040130615234 0.512273661295573 0.5430058479309082 0.512273661295573
0 0.2161104679107666 0.7423733181423611 0.25986447334289553 0.7423733181423611 0.25986447334289553 0.8039059109157987 0.2161104679107666 0.8039059109157987
4 0.09743816030672074 0.7668316311306423 0.13397266638925553 0.7668316311306423 0.13397266638925553 0.8252819485134548 0.09743816030672074 0.8252819485134548
