0 0.22156000137329102 0.7432871500651044 0.2574318885803223 0.7432871500651044 0.2574318885803223 0.8008851793077258 0.22156000137329102 0.8008851793077258
8 0.622945499420166 0.6812811957465279 0.6628481864929199 0.6812811957465279 0.6628481864929199 0.7393642849392362 0.622945499420166 0.7393642849392362
1 0.28381009101867677 0.8453954060872397 0.3171714782714844 0.8453954060872397 0.3171714782714844 0.9385308159722224 0.28381009101867677 0.9385308159722224
9 0.8887710571289062 0.6312312655978732 0.9128303527832031 0.6312312655978732 0.9128303527832031 0.7417106628417969 0.8887710571289062 0.7417106628417969
4 0.3808614253997803 0.8226738823784723 0.4088282108306885 0.8226738823784723 0.4088282108306885 0.8993854098849826 0.3808614253997803 0.8993854098849826
10 0.06639463901519775 0.6689385732014973 0.08698333501815796 0.6689385732014973 0.08698333501815796 0.7571051703559027 0.06639463901519775 0.7571051703559027
7 0.1842254638671875 0.7660741170247394 0.20298151969909667 0.7660741170247394 0.20298151969909667 0.8540381537543401 0.1842254638671875 0.8540381537543401
5 0.5576163291931152 0.7951046413845486 0.5881096839904785 0.7951046413845486 0.5881096839904785 0.8954408433702257 0.5576163291931152 0.8954408433702257
6 0.4394531250000001 0.7391304347826086 0.466202445652174 0.7391304347826086 0.466202445652174 0.8206521739130436 0.4394531250000001 0.8206521739130436
3 0.11769701086956523 0.7853260869565217 0.1543817934782609 0.7853260869565217 0.1543817934782609 0.827445652173913 0.11769701086956523 0.827445652173913
