10 0.20096158981323242 0.6315234714084201 0.2653200626373291 0.6315234714084201 0.2653200626373291 0.7631354437934028 0.20096158981323242 0.7631354437934028
9 0.21566295623779297 0.39292466905381945 0.25775489807128904 0.39292466905381945 0.25775489807128904 0.49214257134331596 0.21566295623779297 0.49214257134331596
7 0.061309874057769775 0.5103163401285807 0.10352587699890137 0.5103163401285807 0.10352587699890137 0.6055032942030165 0.061309874057769775 0.6055032942030165
4 0.4586203575134277 0.9472368028428819 0.49277257919311523 0.9472368028428819 0.49277257919311523 0.9831358167860244 0.4586203575134277 0.9831358167860244
2 0.6513201713562011 0.8948257446289063 0.7102280616760254 0.8948257446289063 0.7102280616760254 0.9331080118815104 0.6513201713562011 0.9331080118815104
3 0.5546218487394957 0.9278074866310159 0.6080977845683726 0.9278074866310159 0.6080977845683726 0.9957134368899073 0.5546218487394957 0.9957134368899073
5 0.47975553857906783 0.9060775825481706 0.5385790679908327 0.9060775825481706 0.5385790679908327 0.9862066038536625 0.47975553857906783 0.9862066038536625
0 0.36210847975553845 0.7566844919786095 0.45148968678380436 0.7566844919786095 0.45148968678380436 0.8110092521857226 0.36210847975553845 0.8110092521857226
1 0.7738731856378913 0.8843476784653255 0.8258212375859433 0.8843476784653255 0.8258212375859433 0.9237331296154824 0.7738731856378913 0.9237331296154824
8 0.6516424751718869 0.7566844919786095 0.6783804430863254 0.7566844919786095 0.6783804430863254 0.8354553942789235 0.6516424751718869 0.8354553942789235
