10 0.547620439529419 0.7072957356770835 0.6009591579437256 0.7072957356770835 0.6009591579437256 0.782345920138889 0.547620439529419 0.782345920138889
9 0.8365817070007324 0.5996832953559028 0.8653435707092285 0.5996832953559028 0.8653435707092285 0.725241936577691 0.8365817070007324 0.725241936577691
0 0.2215193748474121 0.7461427476671006 0.26166839599609376 0.7461427476671006 0.26166839599609376 0.8040208604600695 0.2215193748474121 0.8040208604600695
6 0.6037362098693848 0.6635145399305555 0.6388869285583496 0.6635145399305555 0.6388869285583496 0.7274385240342882 0.6037362098693848 0.7274385240342882
7 0.39688701629638673 0.40743175082736544 0.43599824905395507 0.40743175082736544 0.43599824905395507 0.5045344458685981 0.39688701629638673 0.5045344458685981
1 0.7672110080718995 0.8621141221788194 0.8438169479370117 0.8621141221788194 0.8438169479370117 0.9271609836154514 0.7672110080718995 0.9271609836154514
3 0.5307599067687988 0.8967588636610243 0.5543803215026856 0.8967588636610243 0.5543803215026856 0.9633441501193576 0.5307599067687988 0.9633441501193576
4 0.4708853721618652 0.927518802218967 0.5121199607849121 0.927518802218967 0.5121199607849121 0.9928391350640191 0.4708853721618652 0.9928391350640191
4 0.34018516540527344 0.8473865085177952 0.3736559867858887 0.8473865085177952 0.3736559867858887 0.8863452487521701 0.34018516540527344 0.8863452487521701
8 0.7791159629821778 0.6218930562337239 0.8088086128234864 0.6218930562337239 0.8088086128234864 0.6878885904947917 0.7791159629821778 0.6878885904947917
