7 0.18356142044067383 0.513225809733073 0.2442655086517334 0.513225809733073 0.2442655086517334 0.5926957024468317 0.18356142044067383 0.5926957024468317
5 0.41618938446044923 0.15584962632921007 0.48551216125488283 0.15584962632921007 0.48551216125488283 0.22218093872070313 0.41618938446044923 0.22218093872070313
0 0.40456466674804686 0.7997311062282986 0.46127910614013673 0.7997311062282986 0.46127910614013673 0.8448343912760417 0.40456466674804686 0.8448343912760417
9 0.8519117355346679 0.5390113406711154 0.8888555526733398 0.5390113406711154 0.8888555526733398 0.6495462629530165 0.8519117355346679 0.6495462629530165
4 0.5227437973022461 0.6064114464653863 0.5820869445800781 0.6064114464653863 0.5820869445800781 0.6517826080322265 0.5227437973022461 0.6517826080322265
3 0.5930079460144043 0.8125673929850259 0.6477499008178711 0.8125673929850259 0.6477499008178711 0.8624200608995224 0.5930079460144043 0.8624200608995224
4 0.5930377006530761 0.6824296739366319 0.6445076942443848 0.6824296739366319 0.6445076942443848 0.724711439344618 0.5930377006530761 0.724711439344618
8 0.8888906478881836 0.5611589643690321 0.9068675994873047 0.5611589643690321 0.9068675994873047 0.6723192426893446 0.8888906478881836 0.6723192426893446
1 0.3801242828369141 0.4708621131049262 0.4291529655456543 0.4708621131049262 0.4291529655456543 0.5366623348659939 0.3801242828369141 0.5366623348659939
2 0.47759437561035156 0.7589023166232639 0.5275407791137695 0.7589023166232639 0.5275407791137695 0.8668977525499132 0.47759437561035156 0.8668977525499132
10 0.3577435493469238 0.7876196967230904 0.38213167190551756 0.7876196967230904 0.38213167190551756 0.8472300211588544 0.3577435493469238 0.8472300211588544
6 0.6252821670428894 0.6501128668171557 0.6613995485327313 0.6501128668171557 0.6613995485327313 0.7049577794498788 0.6252821670428894 0.7049577794498788
