5 0.6428828239440918 0.300400522020128 0.7041693687438965 0.300400522020128 0.7041693687438965 0.34780943128797737 0.6428828239440918 0.34780943128797737
6 0.6104544639587403 0.658031972249349 0.6533793449401856 0.658031972249349 0.6533793449401856 0.7276171366373698 0.6104544639587403 0.7276171366373698
9 0.7285045623779297 0.6840667724609375 0.7639720916748047 0.6840667724609375 0.7639720916748047 0.7922275119357639 0.7285045623779297 0.7922275119357639
7 0.27169413566589357 0.23490219116210936 0.3005373954772949 0.23490219116210936 0.3005373954772949 0.3477043151855469 0.27169413566589357 0.3477043151855469
1 0.34949817657470705 0.8852947658962673 0.4309841156005859 0.8852947658962673 0.4309841156005859 0.9661514282226562 0.34949817657470705 0.9661514282226562
10 0.05246958136558533 0.45404290093315974 0.07803437113761902 0.45404290093315974 0.07803437113761902 0.5401563856336805 0.05246958136558533 0.5401563856336805
0 0.22079710960388182 0.7450055440266925 0.25627808570861815 0.7450055440266925 0.25627808570861815 0.8015249464246961 0.22079710960388182 0.8015249464246961
3 0.19393517971038818 0.8673682318793403 0.25054771900177003 0.8673682318793403 0.25054771900177003 0.9095101250542534 0.19393517971038818 0.9095101250542534
4 0.42777037620544434 0.8743069118923611 0.45189366340637205 0.8743069118923611 0.45189366340637205 0.915760972764757 0.42777037620544434 0.915760972764757
8 0.9096412658691406 0.16732838948567708 0.9358921051025391 0.16732838948567708 0.9358921051025391 0.22487606472439237 0.9096412658691406 0.22487606472439237
