3 0.4422724723815918 0.728251478407118 0.47429380416870115 0.728251478407118 0.47429380416870115 0.7857394748263888 0.4422724723815918 0.7857394748263888
9 0.870944881439209 0.5207747565375433 0.9041863441467285 0.5207747565375433 0.9041863441467285 0.6329478793674045 0.870944881439209 0.6329478793674045
10 0.06583159565925598 0.5702226426866319 0.09827495217323304 0.5702226426866319 0.09827495217323304 0.692571512858073 0.06583159565925598 0.692571512858073
5 0.3074979782104492 0.8933603922526042 0.35747241973876953 0.8933603922526042 0.35747241973876953 0.9467741224500869 0.3074979782104492 0.9467741224500869
0 0.2139129161834717 0.728855217827691 0.2505943775177002 0.728855217827691 0.2505943775177002 0.7933985392252604 0.2139129161834717 0.7933985392252604
1 0.597690200805664 0.8818893432617188 0.704684829711914 0.8818893432617188 0.704684829711914 0.9329862806532118 0.597690200805664 0.9329862806532118
8 0.629945945739746 0.6825389438205295 0.6684360504150391 0.6825389438205295 0.6684360504150391 0.7497447543674045 0.629945945739746 0.7497447543674045
4 0.8614008903503418 0.7929031372070312 0.8895234107971192 0.7929031372070312 0.8895234107971192 0.8563105265299479 0.8614008903503418 0.8563105265299479
7 0.4257624626159668 0.5491386413574219 0.46132822036743165 0.5491386413574219 0.46132822036743165 0.6143004523383246 0.4257624626159668 0.6143004523383246
4 0.27412166595458987 0.8038814968532986 0.31095685958862307 0.8038814968532986 0.31095685958862307 0.8697111341688368 0.27412166595458987 0.8697111341688368
