6 0.6019295692443848 0.6562403361002604 0.650325870513916 0.6562403361002604 0.650325870513916 0.727347649468316 0.6019295692443848 0.727347649468316
7 0.2470531940460205 0.19021021525065104 0.2919835090637207 0.19021021525065104 0.2919835090637207 0.3043736775716146 0.2470531940460205 0.3043736775716146
9 0.7175199031829834 0.6879293653700087 0.7584002017974854 0.6879293653700087 0.7584002017974854 0.8224971347384983 0.7175199031829834 0.8224971347384983
5 0.6418122291564942 0.27752821180555554 0.6611662864685058 0.27752821180555554 0.6611662864685058 0.3216245863172743 0.6418122291564942 0.3216245863172743
1 0.3583061218261719 0.8788247002495659 0.4329668045043945 0.8788247002495659 0.4329668045043945 0.9708133273654513 0.3583061218261719 0.9708133273654513
10 0.05339813232421875 0.3966740502251519 0.08622591495513916 0.3966740502251519 0.08622591495513916 0.4780030568440755 0.05339813232421875 0.4780030568440755
0 0.22115812301635743 0.7450859917534722 0.258025598526001 0.7450859917534722 0.258025598526001 0.8017154269748263 0.22115812301635743 0.8017154269748263
4 0.4252591133117676 0.8402040269639757 0.4548367500305176 0.8402040269639757 0.4548367500305176 0.8890413072374131 0.4252591133117676 0.8890413072374131
3 0.1764705882352941 0.8286647992530345 0.21084797555385792 0.8286647992530345 0.21084797555385792 0.8626177743824801 0.1764705882352941 0.8626177743824801
8 0.9125339673913043 0.13994565217391305 0.9377547554347826 0.13994565217391305 0.9377547554347826 0.23233695652173914 0.9125339673913043 0.23233695652173914
