8 0.31627349853515624 0.5259493509928386 0.3735772132873535 0.5259493509928386 0.3735772132873535 0.6728835211859809 0.31627349853515624 0.6728835211859809
9 0.4314760208129883 0.5814382765028212 0.5009832382202148 0.5814382765028212 0.5009832382202148 0.6885137769911024 0.4314760208129883 0.6885137769911024
10 0.21004772186279297 0.6563788096110027 0.2846355438232422 0.6563788096110027 0.2846355438232422 0.7738715277777778 0.21004772186279297 0.7738715277777778
7 0.2918818950653076 0.3300063239203559 0.3319108963012695 0.3300063239203559 0.3319108963012695 0.4321317036946615 0.2918818950653076 0.4321317036946615
1 0.3630425453186035 0.3812086741129557 0.43654751777648926 0.3812086741129557 0.43654751777648926 0.43896793789333766 0.3630425453186035 0.43896793789333766
5 0.46297225952148435 0.872373284233941 0.5294511795043946 0.872373284233941 0.5294511795043946 0.941318596733941 0.46297225952148435 0.941318596733941
0 0.27663416862487794 0.8669937133789063 0.3743305683135986 0.8669937133789063 0.3743305683135986 0.9287412855360243 0.27663416862487794 0.9287412855360243
4 0.4464879989624023 0.9375617133246528 0.5020708084106446 0.9375617133246528 0.5020708084106446 0.9931630452473958 0.4464879989624023 0.9931630452473958
2 0.6799083269671504 0.8897801544860369 0.7471352177234529 0.8897801544860369 0.7471352177234529 0.9400305576776166 0.6799083269671504 0.9400305576776166
3 0.1956521739130435 0.8546195652173914 0.2514436141304348 0.8546195652173914 0.2514436141304348 0.904891304347826 0.1956521739130435 0.904891304347826
