1 0.6529629707336426 0.8789705912272135 0.7661267280578613 0.8789705912272135 0.7661267280578613 0.9405019972059462 0.6529629707336426 0.9405019972059462
5 0.2878211259841919 0.2649248335096571 0.3459401369094849 0.2649248335096571 0.3459401369094849 0.3081373002794054 0.2878211259841919 0.3081373002794054
0 0.23347461223602295 0.7349093119303386 0.27581794261932374 0.7349093119303386 0.27581794261932374 0.7906274583604601 0.23347461223602295 0.7906274583604601
7 0.4200605392456055 0.3350941128200955 0.4619314193725586 0.3350941128200955 0.4619314193725586 0.4035157945421007 0.4200605392456055 0.4035157945421007
9 0.4347109794616699 0.3873546600341797 0.4773102760314941 0.3873546600341797 0.4773102760314941 0.4761825137668186 0.4347109794616699 0.4761825137668186
8 0.6545656681060791 0.7037072923448351 0.688624906539917 0.7037072923448351 0.688624906539917 0.755261484781901 0.6545656681060791 0.755261484781901
10 0.38584017753601074 0.4313902113172743 0.4085401058197021 0.4313902113172743 0.4085401058197021 0.5170416937934028 0.38584017753601074 0.5170416937934028
4 0.3208181858062744 0.763940938313802 0.37380194664001465 0.763940938313802 0.37380194664001465 0.8107908460828993 0.3208181858062744 0.8107908460828993
3 0.8432597160339356 0.8378638373480902 0.8665324211120605 0.8378638373480902 0.8665324211120605 0.8963144938151042 0.8432597160339356 0.8963144938151042
6 0.3896163463592531 0.7390635007959212 0.41668744087219256 0.7390635007959212 0.41668744087219256 0.8533102393519085 0.3896163463592531 0.8533102393519085
