5 0.17293487787246703 0.2936095767550998 0.23773484230041503 0.2936095767550998 0.23773484230041503 0.36056641472710504 0.17293487787246703 0.36056641472710504
9 0.3393567562103271 0.3410411410861546 0.3755039691925049 0.3410411410861546 0.3755039691925049 0.4638894822862414 0.3393567562103271 0.4638894822862414
7 0.44173755645751955 0.42548463609483506 0.48816986083984376 0.42548463609483506 0.48816986083984376 0.5050554911295573 0.44173755645751955 0.5050554911295573
1 0.6514949798583984 0.8814767625596788 0.7681541442871094 0.8814767625596788 0.7681541442871094 0.9427994622124566 0.6514949798583984 0.9427994622124566
6 0.30945162773132323 0.7799880981445313 0.3446103572845459 0.7799880981445313 0.3446103572845459 0.8664811876085069 0.30945162773132323 0.8664811876085069
0 0.2358452320098877 0.7352381388346356 0.27475605010986326 0.7352381388346356 0.27475605010986326 0.787159389919705 0.2358452320098877 0.787159389919705
10 0.32463936805725097 0.4849578857421875 0.354838228225708 0.4849578857421875 0.354838228225708 0.5647216796875 0.32463936805725097 0.5647216796875
3 0.8223965644836426 0.7933176676432292 0.8427338600158691 0.7933176676432292 0.8427338600158691 0.8487711588541667 0.8223965644836426 0.8487711588541667
2 0.7775301933288574 0.8865069919162326 0.821229076385498 0.8865069919162326 0.821229076385498 0.9307100084092882 0.7775301933288574 0.9307100084092882
4 0.32580887885628296 0.7343867569601205 0.35289691497366443 0.7343867569601205 0.35289691497366443 0.7812055848173228 0.32580887885628296 0.7812055848173228
