10 0.10805095434188842 0.3744575924343533 0.1640834927558899 0.3744575924343533 0.1640834927558899 0.48196610344780816 0.10805095434188842 0.48196610344780816
5 0.06745052337646484 0.43326356675889754 0.10285415649414062 0.43326356675889754 0.10285415649414062 0.47614076402452254 0.06745052337646484 0.47614076402452254
9 0.6115230560302735 0.5346236334906684 0.6783109664916992 0.5346236334906684 0.6783109664916992 0.6362736172146267 0.6115230560302735 0.6362736172146267
0 0.22283310890197755 0.7442423502604165 0.26166739463806155 0.7442423502604165 0.26166739463806155 0.8033471001519096 0.22283310890197755 0.8033471001519096
4 0.44313793182373046 0.9356007893880208 0.49460487365722655 0.9356007893880208 0.49460487365722655 0.9900190565321181 0.44313793182373046 0.9900190565321181
7 0.11797422170639038 0.7176326327853733 0.1626008629798889 0.7176326327853733 0.1626008629798889 0.7935452779134115 0.11797422170639038 0.7935452779134115
1 0.41011867523193357 0.8077292548285591 0.4606374740600586 0.8077292548285591 0.4606374740600586 0.8648993598090278 0.41011867523193357 0.8648993598090278
8 0.8665336608886719 0.2439239501953125 0.8907855987548828 0.2439239501953125 0.8907855987548828 0.3707967546251085 0.8665336608886719 0.3707967546251085
1 0.8667191505432129 0.24388279385036893 0.890742015838623 0.24388279385036893 0.890742015838623 0.37033971150716144 0.8667191505432129 0.37033971150716144
2 0.4126074498567335 0.7277936962750716 0.43758954154727786 0.7277936962750716 0.43758954154727786 0.8022922636103151 0.4126074498567335 0.8022922636103151
