3 0.42200288772583006 0.7930525037977431 0.4546034812927246 0.7930525037977431 0.4546034812927246 0.8641883002387153 0.42200288772583006 0.8641883002387153
10 0.28355851173400876 0.7076645745171448 0.34825596782061297 0.7076645745171448 0.34825596782061297 0.8023946974012593 0.28355851173400876 0.8023946974012593
0 0.22175955772399902 0.7453023274739583 0.26042885780334474 0.7453023274739583 0.26042885780334474 0.8039635552300347 0.22175955772399902 0.8039635552300347
8 0.8859560012817382 0.2853824191623264 0.9229681015014648 0.2853824191623264 0.9229681015014648 0.3660093519422743 0.8859560012817382 0.3660093519422743
1 0.5671506881713867 0.8796613905164931 0.6625618934631348 0.8796613905164931 0.6625618934631348 0.9546871609157986 0.5671506881713867 0.9546871609157986
5 0.07664780616760254 0.2775590684678819 0.10653349161148071 0.2775590684678819 0.10653349161148071 0.35277926127115883 0.07664780616760254 0.35277926127115883
6 0.5744837760925293 0.6556177775065105 0.624971866607666 0.6556177775065105 0.624971866607666 0.7144229465060764 0.5744837760925293 0.7144229465060764
9 0.40639505386352537 0.47283223470052094 0.42575654983520506 0.47283223470052094 0.42575654983520506 0.5571177164713542 0.40639505386352537 0.5571177164713542
4 0.4412714958190918 0.935677252875434 0.49474248886108396 0.935677252875434 0.49474248886108396 0.9875378078884549 0.4412714958190918 0.9875378078884549
7 0.07432537078857422 0.1223339292738173 0.12013578414916992 0.1223339292738173 0.12013578414916992 0.22145109890145656 0.07432537078857422 0.22145109890145656
