9 0.8692440032958985 0.48924119737413196 0.9064525604248047 0.48924119737413196 0.9064525604248047 0.5970640394422743 0.8692440032958985 0.5970640394422743
5 0.30991833209991454 0.16798006693522136 0.36487953662872313 0.16798006693522136 0.36487953662872313 0.22558843824598523 0.30991833209991454 0.22558843824598523
8 0.8305898666381836 0.7185860527886285 0.8638803482055664 0.7185860527886285 0.8638803482055664 0.8117046780056424 0.8305898666381836 0.8117046780056424
4 0.6093782901763916 0.6886377970377605 0.6523865222930908 0.6886377970377605 0.6523865222930908 0.7339257134331597 0.6093782901763916 0.7339257134331597
0 0.3912022113800049 0.8036927964952257 0.45722508430480957 0.8036927964952257 0.45722508430480957 0.8481787787543402 0.3912022113800049 0.8481787787543402
3 0.7113827228546142 0.8339036729600694 0.7582583904266358 0.8339036729600694 0.7582583904266358 0.8815277099609375 0.7113827228546142 0.8815277099609375
10 0.3488424301147461 0.7717554728190105 0.38388452529907224 0.7717554728190105 0.38388452529907224 0.8369488186306424 0.3488424301147461 0.8369488186306424
7 0.31084189414978025 0.4720573425292969 0.35928797721862793 0.4720573425292969 0.35928797721862793 0.5336009555392796 0.31084189414978025 0.5336009555392796
4 0.533066701889038 0.5553309122721354 0.5716440677642822 0.5553309122721354 0.5716440677642822 0.6286826239691841 0.533066701889038 0.6286826239691841
1 0.5526884078979493 0.905348375108507 0.6137866973876953 0.905348375108507 0.6137866973876953 0.9568464491102431 0.5526884078979493 0.9568464491102431
