7 0.20113825798034668 0.5749775780571832 0.25394344329833984 0.5749775780571832 0.25394344329833984 0.6675267961290148 0.20113825798034668 0.6675267961290148
10 0.5468660354614258 0.8020447625054252 0.6163202285766601 0.8020447625054252 0.6163202285766601 0.9079490661621092 0.5468660354614258 0.9079490661621092
0 0.4106637954711914 0.8026226467556423 0.455170726776123 0.8026226467556423 0.455170726776123 0.8819707234700521 0.4106637954711914 0.8819707234700521
6 0.6494323253631592 0.6722730000813804 0.6784134387969971 0.6722730000813804 0.6784134387969971 0.7590805901421442 0.6494323253631592 0.7590805901421442
1 0.5828397274017334 0.8826850043402777 0.7086706638336182 0.8826850043402777 0.7086706638336182 0.9375922309027778 0.5828397274017334 0.9375922309027778
8 0.884928035736084 0.4600940280490452 0.9109868049621582 0.4600940280490452 0.9109868049621582 0.5772042168511285 0.884928035736084 0.5772042168511285
9 0.5698315620422363 0.5842332628038195 0.607721996307373 0.5842332628038195 0.607721996307373 0.6693394978841146 0.5698315620422363 0.6693394978841146
4 0.5918266296386718 0.6689095815022786 0.6391605377197266 0.6689095815022786 0.6391605377197266 0.7197277492947048 0.5918266296386718 0.7197277492947048
3 0.5127358913421631 0.9271912468804253 0.5513307094573975 0.9271912468804253 0.5513307094573975 0.9975754631890191 0.5127358913421631 0.9975754631890191
2 0.5516408920288086 0.7890621609157986 0.6002037048339843 0.7890621609157986 0.6002037048339843 0.8241563585069445 0.5516408920288086 0.8241563585069445
5 0.7283851623535156 0.5256384955512152 0.7554889678955078 0.5256384955512152 0.7554889678955078 0.5851679484049478 0.7283851623535156 0.5851679484049478
