8 0.8133714675903321 0.7331179300944011 0.8555294036865234 0.7331179300944011 0.8555294036865234 0.8300271775987413 0.8133714675903321 0.8300271775987413
10 0.09929256439208985 0.29170460171169704 0.15336248874664307 0.29170460171169704 0.15336248874664307 0.4185708363850911 0.09929256439208985 0.4185708363850911
3 0.426676082611084 0.8102632310655382 0.4718022346496582 0.8102632310655382 0.4718022346496582 0.8763442993164062 0.426676082611084 0.8763442993164062
9 0.4666987419128418 0.5113417731391059 0.5014761924743653 0.5113417731391059 0.5014761924743653 0.6208407084147135 0.4666987419128418 0.6208407084147135
1 0.6183635711669921 0.8798865424262152 0.7132671356201172 0.8798865424262152 0.7132671356201172 0.9352386474609375 0.6183635711669921 0.9352386474609375
7 0.16510534286499023 0.3278835296630859 0.1952047824859619 0.3278835296630859 0.1952047824859619 0.4145593007405599 0.16510534286499023 0.4145593007405599
4 0.3783745288848877 0.8450488620334201 0.4128853797912598 0.8450488620334201 0.4128853797912598 0.8942296346028645 0.3783745288848877 0.8942296346028645
5 0.07235463857650756 0.2979512956407335 0.09310340881347656 0.2979512956407335 0.09310340881347656 0.34270159403483075 0.07235463857650756 0.34270159403483075
0 0.380783748626709 0.8108641730414496 0.42709951400756835 0.8108641730414496 0.42709951400756835 0.8566346062554253 0.380783748626709 0.8566346062554253
6 0.4206661891117479 0.7163323782234957 0.45048352435530087 0.7163323782234957 0.45048352435530087 0.7765042979942693 0.4206661891117479 0.7765042979942693
