9 0.7734755039215088 0.5665975782606337 0.8303773880004883 0.5665975782606337 0.8303773880004883 0.6850975884331598 0.7734755039215088 0.6850975884331598
0 0.22214412689208984 0.7469514634874131 0.2602252006530762 0.7469514634874131 0.2602252006530762 0.8038009643554688 0.22214412689208984 0.8038009643554688
7 0.47275428771972655 0.2594456990559896 0.5099552154541016 0.2594456990559896 0.5099552154541016 0.35184309217664933 0.47275428771972655 0.35184309217664933
4 0.3925727128982544 0.8234625074598524 0.41860074996948243 0.8234625074598524 0.41860074996948243 0.907616933186849 0.3925727128982544 0.907616933186849
1 0.7672976493835449 0.8551669650607638 0.8436455726623535 0.8551669650607638 0.8436455726623535 0.9292999267578125 0.7672976493835449 0.9292999267578125
3 0.5086511611938477 0.9187206692165799 0.5372858047485352 0.9187206692165799 0.5372858047485352 0.9979822794596355 0.5086511611938477 0.9979822794596355
10 0.6663979530334473 0.6612475925021701 0.6896617889404297 0.6612475925021701 0.6896617889404297 0.735595703125 0.6663979530334473 0.735595703125
4 0.46921205520629883 0.9151005215115018 0.5137192726135253 0.9151005215115018 0.5137192726135253 0.9914438035753038 0.46921205520629883 0.9914438035753038
8 0.7835508346557617 0.6779373168945313 0.8092832565307617 0.6779373168945313 0.8092832565307617 0.7369125366210938 0.7835508346557617 0.7369125366210938
5 0.28258846694213946 0.8469963078588388 0.3173777718940232 0.8469963078588388 0.3173777718940232 0.8848430190257888 0.28258846694213946 0.8848430190257888
6 0.5536353868194842 0.7306590257879655 0.5802292263610316 0.7306590257879655 0.5802292263610316 0.825214899713467 0.5536353868194842 0.825214899713467
