9 0.7205529689788819 0.5405022515190973 0.7713292598724365 0.5405022515190973 0.7713292598724365 0.6667080349392361 0.7205529689788819 0.6667080349392361
1 0.7656898498535156 0.762639872233073 0.8328636169433594 0.762639872233073 0.8328636169433594 0.8996580335828993 0.7656898498535156 0.8996580335828993
4 0.6513502120971679 0.5316236707899306 0.694584846496582 0.5316236707899306 0.694584846496582 0.5867103576660156 0.6513502120971679 0.5867103576660156
8 0.8843591690063477 0.5217662387424045 0.9113897323608399 0.5217662387424045 0.9113897323608399 0.6343544854058158 0.8843591690063477 0.6343544854058158
10 0.39465668201446535 0.7650766160753039 0.4698494911193848 0.7650766160753039 0.4698494911193848 0.8837406582302517 0.39465668201446535 0.8837406582302517
2 0.49472761154174805 0.7823004828559028 0.5649008750915527 0.7823004828559028 0.5649008750915527 0.8407131618923611 0.49472761154174805 0.8407131618923611
5 0.732052993774414 0.40303861829969617 0.7866281509399414 0.40303861829969617 0.7866281509399414 0.46155302259657116 0.732052993774414 0.46155302259657116
7 0.1528719186782837 0.5090906778971355 0.19818413257598877 0.5090906778971355 0.19818413257598877 0.6034859551323786 0.1528719186782837 0.6034859551323786
0 0.5921444416046142 0.8719674004448785 0.6933602809906005 0.8719674004448785 0.6933602809906005 0.921451653374566 0.5921444416046142 0.921451653374566
3 0.521299171447754 0.9584899054633247 0.5754825592041015 0.9584899054633247 0.5754825592041015 0.9979665968153212 0.521299171447754 0.9979665968153212
6 0.6230248306997742 0.6661650363681967 0.6696764484574868 0.6661650363681967 0.6696764484574868 0.7263606721846 0.6230248306997742 0.7263606721846
