7 0.4131304740905762 0.2776005638970269 0.44522523880004883 0.2776005638970269 0.44522523880004883 0.39754634433322483 0.4131304740905762 0.39754634433322483
9 0.8511754989624023 0.6001133388943143 0.8849067687988281 0.6001133388943143 0.8849067687988281 0.7197614034016927 0.8511754989624023 0.7197614034016927
0 0.2213596820831299 0.7468407524956597 0.2608360767364502 0.7468407524956597 0.2608360767364502 0.804087660047743 0.2213596820831299 0.804087660047743
10 0.43741588592529296 0.7120899624294705 0.4771778106689453 0.7120899624294705 0.4771778106689453 0.8140429178873698 0.43741588592529296 0.8140429178873698
1 0.7654578208923339 0.8582889980740017 0.8433152198791504 0.8582889980740017 0.8433152198791504 0.9294124179416232 0.7654578208923339 0.9294124179416232
5 0.20251593589782715 0.3653604295518663 0.23310637474060059 0.3653604295518663 0.23310637474060059 0.4123208787706163 0.20251593589782715 0.4123208787706163
3 0.5269228935241699 0.9123263041178385 0.5500504493713378 0.9123263041178385 0.5500504493713378 0.9818324618869357 0.5269228935241699 0.9818324618869357
4 0.3450517177581787 0.8562469482421875 0.39344229698181155 0.8562469482421875 0.39344229698181155 0.8924184163411458 0.3450517177581787 0.8924184163411458
4 0.4710996627807617 0.9217227511935764 0.5133511543273925 0.9217227511935764 0.5133511543273925 0.9917260064019098 0.4710996627807617 0.9917260064019098
8 0.7834190368652344 0.626619381374783 0.8142177581787109 0.626619381374783 0.8142177581787109 0.6945782979329427 0.7834190368652344 0.6945782979329427
