9 0.7965694427490234 0.6273761325412326 0.8346748352050781 0.6273761325412326 0.8346748352050781 0.7548382229275173 0.7965694427490234 0.7548382229275173
0 0.221176815032959 0.7466562059190538 0.2616142272949219 0.7466562059190538 0.2616142272949219 0.8046407911512586 0.221176815032959 0.8046407911512586
10 0.5997936248779296 0.6344824896918403 0.661746883392334 0.6344824896918403 0.661746883392334 0.717789543999566 0.5997936248779296 0.717789543999566
1 0.7632595539093018 0.862177022298177 0.8441173553466796 0.862177022298177 0.8441173553466796 0.9308242797851562 0.7632595539093018 0.9308242797851562
4 0.47046723365783694 0.9221039666069879 0.5145493984222412 0.9221039666069879 0.5145493984222412 0.9927453782823351 0.47046723365783694 0.9927453782823351
3 0.5229730606079102 0.9157803005642361 0.5574487686157227 0.9157803005642361 0.5574487686157227 0.9604361640082465 0.5229730606079102 0.9604361640082465
8 0.7781864166259765 0.613704342312283 0.8069020271301269 0.613704342312283 0.8069020271301269 0.6547845628526475 0.7781864166259765 0.6547845628526475
7 0.41934003829956057 0.509263186984592 0.47133722305297854 0.509263186984592 0.47133722305297854 0.5859779357910156 0.41934003829956057 0.5859779357910156
4 0.3314996242523193 0.8313912285698783 0.3652080535888672 0.8313912285698783 0.3652080535888672 0.8942018296983505 0.3314996242523193 0.8942018296983505
5 0.1352457046508789 0.3004847208658854 0.17359085083007814 0.3004847208658854 0.17359085083007814 0.3453764173719618 0.1352457046508789 0.3453764173719618
6 0.5316627782532005 0.5338811238606764 0.5738560773581695 0.5338811238606764 0.5738560773581695 0.6042133247499366 0.5316627782532005 0.6042133247499366
