9 0.33431456089019773 0.35320570203993057 0.37277300357818605 0.35320570203993057 0.37277300357818605 0.44114600287543404 0.33431456089019773 0.44114600287543404
0 0.22092075347900392 0.7475462171766493 0.26176042556762696 0.7475462171766493 0.26176042556762696 0.8036972045898437 0.22092075347900392 0.8036972045898437
8 0.8675474166870117 0.3837911817762587 0.9113042831420899 0.3837911817762587 0.9113042831420899 0.4801222907172309 0.8675474166870117 0.4801222907172309
5 0.11992928981781006 0.3541976081000434 0.16340692043304444 0.3541976081000434 0.16340692043304444 0.4044327629937066 0.11992928981781006 0.4044327629937066
7 0.058435314893722536 0.1531177944607205 0.09053911566734314 0.1531177944607205 0.09053911566734314 0.26866667005750866 0.058435314893722536 0.26866667005750866
6 0.5912620544433593 0.6593302408854167 0.6361242294311523 0.6593302408854167 0.6361242294311523 0.7155824449327257 0.5912620544433593 0.7155824449327257
10 0.36078343391418455 0.690325927734375 0.3817723751068115 0.690325927734375 0.3817723751068115 0.7974405924479165 0.36078343391418455 0.7974405924479165
1 0.5680540561676025 0.8959019978841147 0.6022096157073975 0.8959019978841147 0.6022096157073975 0.9577246771918404 0.5680540561676025 0.9577246771918404
4 0.44363985061645506 0.8930834452311198 0.482039737701416 0.8930834452311198 0.482039737701416 0.989796871609158 0.44363985061645506 0.989796871609158
4 0.2922834873199463 0.7590203179253472 0.3154458045959473 0.7590203179253472 0.3154458045959473 0.8028588189019097 0.2922834873199463 0.8028588189019097
