7 0.5370753765106201 0.3473334418402778 0.5971896648406982 0.3473334418402778 0.5971896648406982 0.43441569010416675 0.5370753765106201 0.43441569010416675
0 0.3683587312698364 0.810963609483507 0.4550917625427246 0.810963609483507 0.4550917625427246 0.8666307237413194 0.3683587312698364 0.8666307237413194
1 0.6456338882446289 0.8873314751519097 0.7556333541870117 0.8873314751519097 0.7556333541870117 0.9399210611979166 0.6456338882446289 0.9399210611979166
4 0.38196682929992676 0.9282113817003038 0.4349841594696045 0.9282113817003038 0.4349841594696045 0.9687875535753038 0.38196682929992676 0.9687875535753038
10 0.1515408992767334 0.17352303398980035 0.22466025352478028 0.17352303398980035 0.22466025352478028 0.2829870435926649 0.1515408992767334 0.2829870435926649
8 0.6763425827026367 0.7056722852918837 0.725618553161621 0.7056722852918837 0.725618553161621 0.7712445576985678 0.6763425827026367 0.7712445576985678
5 0.12526965141296387 0.15608927408854167 0.16300597190856933 0.15608927408854167 0.16300597190856933 0.19406136406792535 0.12526965141296387 0.19406136406792535
9 0.7726005750945785 0.32967746301047995 0.7998985107443736 0.32967746301047995 0.7998985107443736 0.43748894575787556 0.7726005750945785 0.43748894575787556
2 0.3997134670487106 0.6389684813753582 0.4263073065902579 0.6389684813753582 0.4263073065902579 0.7148997134670487 0.3997134670487106 0.7148997134670487
6 0.4311425501432665 0.7263610315186244 0.4601540114613181 0.7263610315186244 0.4601540114613181 0.8280802292263609 0.4311425501432665 0.8280802292263609
