7 0.055955493450164796 0.1695995330810547 0.09354678392410279 0.1695995330810547 0.09354678392410279 0.2814902835422092 0.055955493450164796 0.2814902835422092
6 0.5877901554107666 0.6596173604329426 0.6327774524688721 0.6596173604329426 0.6327774524688721 0.7162746005588108 0.5877901554107666 0.7162746005588108
8 0.8467857360839843 0.42824664645724825 0.8930097579956054 0.42824664645724825 0.8930097579956054 0.5577912224663628 0.8467857360839843 0.5577912224663628
0 0.22266006469726562 0.7483952840169272 0.26033525466918944 0.7483952840169272 0.26033525466918944 0.8037758721245661 0.22266006469726562 0.8037758721245661
5 0.17593653202056886 0.5310896131727431 0.23645145893096925 0.5310896131727431 0.23645145893096925 0.5780063205295138 0.17593653202056886 0.5780063205295138
10 0.3814899444580078 0.7065446641710069 0.40494937896728517 0.7065446641710069 0.40494937896728517 0.8175676133897569 0.3814899444580078 0.8175676133897569
4 0.30826597213745116 0.7737075805664062 0.34158897399902344 0.7737075805664062 0.34158897399902344 0.8267993503146701 0.30826597213745116 0.8267993503146701
9 0.17083821296691895 0.26876311832004124 0.2014465808868408 0.26876311832004124 0.2014465808868408 0.3818194071451823 0.17083821296691895 0.3818194071451823
1 0.5830121994018554 0.8867619832356772 0.6698068618774414 0.8867619832356772 0.6698068618774414 0.9487698025173613 0.5830121994018554 0.9487698025173613
4 0.45487098693847655 0.9235214233398438 0.5259563446044921 0.9235214233398438 0.5259563446044921 0.9772567749023438 0.45487098693847655 0.9772567749023438
