7 0.22140605449676515 0.2698522355821398 0.2786811590194702 0.2698522355821398 0.2786811590194702 0.38188294304741754 0.22140605449676515 0.38188294304741754
10 0.15664260387420653 0.5676474677191841 0.21760470867156984 0.5676474677191841 0.21760470867156984 0.6615017361111111 0.15664260387420653 0.6615017361111111
9 0.5684185981750488 0.4042045593261719 0.6098847389221191 0.4042045593261719 0.6098847389221191 0.46945368448893227 0.5684185981750488 0.46945368448893227
4 0.42273435592651365 0.8143614027235243 0.45994367599487307 0.8143614027235243 0.45994367599487307 0.8854063245985243 0.42273435592651365 0.8854063245985243
5 0.490955114364624 0.12895836300320096 0.5690319538116455 0.12895836300320096 0.5690319538116455 0.1877447976006402 0.490955114364624 0.1877447976006402
6 0.6176619529724121 0.6654824998643663 0.6557896614074707 0.6654824998643663 0.6557896614074707 0.7320440504286024 0.6176619529724121 0.7320440504286024
8 0.8888912200927734 0.3671966552734375 0.9315296173095703 0.3671966552734375 0.9315296173095703 0.43280961778428817 0.8888912200927734 0.43280961778428817
0 0.2212587833404541 0.745729743109809 0.2574159145355225 0.745729743109809 0.2574159145355225 0.7989500257703993 0.2212587833404541 0.7989500257703993
3 0.10575520992279053 0.7384468926323785 0.142397141456604 0.7384468926323785 0.142397141456604 0.785561286078559 0.10575520992279053 0.785561286078559
3 0.3820326328277588 0.8607781304253472 0.407119607925415 0.8607781304253472 0.407119607925415 0.9491502549913194 0.3820326328277588 0.9491502549913194
1 0.38193364143371583 0.8607991536458335 0.40720534324645996 0.8607991536458335 0.40720534324645996 0.9496554904513891 0.38193364143371583 0.9496554904513891
