7 0.6062112808227539 0.28957333034939237 0.6714941024780273 0.28957333034939237 0.6714941024780273 0.39577857123480903 0.6062112808227539 0.39577857123480903
9 0.7475598335266114 0.3260629442003038 0.8129929542541504 0.3260629442003038 0.8129929542541504 0.42082205878363715 0.7475598335266114 0.42082205878363715
10 0.2940848350524902 0.7000670539008247 0.3555469989776611 0.7000670539008247 0.3555469989776611 0.7940983242458768 0.2940848350524902 0.7940983242458768
3 0.14263705015182496 0.7109876844618056 0.17961922883987427 0.7109876844618056 0.17961922883987427 0.7781633165147569 0.14263705015182496 0.7781633165147569
6 0.393645715713501 0.7258141411675347 0.44220967292785646 0.7258141411675347 0.44220967292785646 0.8015540228949652 0.393645715713501 0.8015540228949652
0 0.22147915363311768 0.7385387844509549 0.2585548639297485 0.7385387844509549 0.2585548639297485 0.7982721964518229 0.22147915363311768 0.7982721964518229
1 0.40559020042419436 0.8986360337999132 0.510058069229126 0.8986360337999132 0.510058069229126 0.9769804212782118 0.40559020042419436 0.9769804212782118
5 0.5355178356170655 0.8652694702148438 0.5647017955780029 0.8652694702148438 0.5647017955780029 0.9489022148980035 0.5355178356170655 0.9489022148980035
8 0.4766847133636475 0.547370359632704 0.4891181468963623 0.547370359632704 0.4891181468963623 0.6224605560302734 0.4766847133636475 0.6224605560302734
4 0.34762979683972905 0.8400635398378061 0.38073739653875094 0.8400635398378061 0.38073739653875094 0.8962461332664492 0.34762979683972905 0.8962461332664492
