9 0.7285467147827148 0.6891082763671875 0.7912830352783203 0.6891082763671875 0.7912830352783203 0.8006352742513021 0.7285467147827148 0.8006352742513021
10 0.2584846496582031 0.5120860629611546 0.29811887741088866 0.5120860629611546 0.29811887741088866 0.6356548733181424 0.2584846496582031 0.6356548733181424
5 0.42429676055908205 0.8684763590494792 0.47846393585205077 0.8684763590494792 0.47846393585205077 0.9428087022569445 0.42429676055908205 0.9428087022569445
0 0.1952582597732544 0.7181750827365452 0.2268158197402954 0.7181750827365452 0.2268158197402954 0.7751488579644097 0.1952582597732544 0.7751488579644097
2 0.2947144746780396 0.8326142205132379 0.35627481937408445 0.8326142205132379 0.35627481937408445 0.8794017367892795 0.2947144746780396 0.8794017367892795
4 0.25936384201049806 0.7254648844401044 0.3039375305175781 0.7254648844401044 0.3039375305175781 0.7604912651909724 0.25936384201049806 0.7604912651909724
7 0.6542561531066895 0.4490528106689453 0.6774172782897949 0.4490528106689453 0.6774172782897949 0.5239832984076606 0.6542561531066895 0.5239832984076606
3 0.3730311870574951 0.7939751519097222 0.422292423248291 0.7939751519097222 0.422292423248291 0.8556866115993924 0.3730311870574951 0.8556866115993924
8 0.8417573928833008 0.08342384762234158 0.8588628768920898 0.08342384762234158 0.8588628768920898 0.15121949513753255 0.8417573928833008 0.15121949513753255
8 0.34652578796561606 0.6146131805157593 0.37956661891117477 0.6146131805157593 0.37956661891117477 0.671919770773639 0.34652578796561606 0.671919770773639
