7 0.2537961959838867 0.23616468641493055 0.308811092376709 0.23616468641493055 0.308811092376709 0.3646185980902778 0.2537961959838867 0.3646185980902778
10 0.15997786521911622 0.5724535624186198 0.2190021753311157 0.5724535624186198 0.2190021753311157 0.6664962768554688 0.15997786521911622 0.6664962768554688
8 0.8845924377441406 0.4063976711697049 0.9211616516113281 0.4063976711697049 0.9211616516113281 0.4991763644748264 0.8845924377441406 0.4991763644748264
5 0.44825758934021 0.12995802561442057 0.5258094310760498 0.12995802561442057 0.5258094310760498 0.18932298024495442 0.44825758934021 0.18932298024495442
4 0.4098832130432129 0.8173377143012153 0.45072050094604493 0.8173377143012153 0.45072050094604493 0.8931081136067708 0.4098832130432129 0.8931081136067708
9 0.5501421928405762 0.42676099141438795 0.5746594429016113 0.42676099141438795 0.5746594429016113 0.503521516587999 0.5501421928405762 0.503521516587999
0 0.2189183712005615 0.7430809868706596 0.25876784324645996 0.7430809868706596 0.25876784324645996 0.8007559882269963 0.2189183712005615 0.8007559882269963
3 0.10201215744018555 0.7630353291829427 0.14064378738403321 0.7630353291829427 0.14064378738403321 0.8154802958170573 0.10201215744018555 0.8154802958170573
3 0.3822303771972656 0.8639194912380642 0.40804462432861327 0.8639194912380642 0.40804462432861327 0.9566435919867622 0.3822303771972656 0.9566435919867622
6 0.6319352626800537 0.6708256191677517 0.6536167621612549 0.6708256191677517 0.6536167621612549 0.7254464891221788 0.6319352626800537 0.7254464891221788
1 0.3823702335357666 0.8645229763454861 0.40805439949035643 0.8645229763454861 0.40805439949035643 0.9573862711588542 0.3823702335357666 0.9573862711588542
