10 0.5614203929901123 0.7217380099826389 0.6101198673248291 0.7217380099826389 0.6101198673248291 0.8182730780707466 0.5614203929901123 0.8182730780707466
9 0.865875244140625 0.5850492689344619 0.9004951477050781 0.5850492689344619 0.9004951477050781 0.692881096733941 0.865875244140625 0.692881096733941
0 0.22165956497192382 0.7468729654947919 0.26052513122558596 0.7468729654947919 0.26052513122558596 0.8040015326605905 0.22165956497192382 0.8040015326605905
7 0.45139875411987307 0.22096453772650826 0.48256864547729494 0.22096453772650826 0.48256864547729494 0.3056086434258355 0.45139875411987307 0.3056086434258355
1 0.7644689559936524 0.8580939398871528 0.8429830551147461 0.8580939398871528 0.8429830551147461 0.9314690483940973 0.7644689559936524 0.9314690483940973
8 0.7804601669311524 0.6666082170274522 0.8097707748413085 0.6666082170274522 0.8097707748413085 0.7264938354492188 0.7804601669311524 0.7264938354492188
4 0.4033245086669922 0.9377554999457465 0.45926895141601565 0.9377554999457465 0.45926895141601565 0.980684577094184 0.4033245086669922 0.980684577094184
3 0.5003037929534913 0.9126613193088108 0.541823434829712 0.9126613193088108 0.541823434829712 0.9827218797471788 0.5003037929534913 0.9827218797471788
5 0.21519994735717773 0.5428260379367404 0.2376254081726074 0.5428260379367404 0.2376254081726074 0.6223301781548394 0.21519994735717773 0.6223301781548394
4 0.4702929496765137 0.9420142279730903 0.5016010284423829 0.9420142279730903 0.5016010284423829 0.9902513292100694 0.4702929496765137 0.9902513292100694
