9 0.883197021484375 0.5008829752604167 0.9153816223144531 0.5008829752604167 0.9153816223144531 0.6164947509765625 0.883197021484375 0.6164947509765625
10 0.06719624996185303 0.5830757988823785 0.09793171882629395 0.5830757988823785 0.09793171882629395 0.6988837348090278 0.06719624996185303 0.6988837348090278
1 0.5986687660217285 0.8805224100748696 0.704433536529541 0.8805224100748696 0.704433536529541 0.9328397115071613 0.5986687660217285 0.9328397115071613
3 0.4720325469970703 0.7091141594780817 0.5275173187255859 0.7091141594780817 0.5275173187255859 0.7741455925835503 0.4720325469970703 0.7741455925835503
0 0.21387152671813964 0.7291982014973958 0.25107626914978026 0.7291982014973958 0.25107626914978026 0.7951877170138889 0.21387152671813964 0.7951877170138889
5 0.35399551391601564 0.8798377143012153 0.398697566986084 0.8798377143012153 0.398697566986084 0.9204047309027777 0.35399551391601564 0.9204047309027777
8 0.6296757698059082 0.6857332017686631 0.6670454978942871 0.6857332017686631 0.6670454978942871 0.7479554918077257 0.6296757698059082 0.7479554918077257
4 0.2574422836303711 0.777268558078342 0.29877595901489257 0.777268558078342 0.29877595901489257 0.8275857713487413 0.2574422836303711 0.8275857713487413
7 0.4157695770263672 0.547225104437934 0.4582649230957031 0.547225104437934 0.4582649230957031 0.6101632012261284 0.4157695770263672 0.6101632012261284
4 0.8598674785100273 0.7893982808022924 0.8872671919770762 0.7893982808022924 0.8872671919770762 0.8452722063037252 0.8598674785100273 0.8452722063037252
