8 0.8723563194274903 0.44893815782335067 0.9158003807067872 0.44893815782335067 0.9158003807067872 0.5416540357801649 0.8723563194274903 0.5416540357801649
9 0.293623161315918 0.38090379503038196 0.3533733367919922 0.38090379503038196 0.3533733367919922 0.520442877875434 0.293623161315918 0.520442877875434
3 0.20421628952026366 0.6654824998643663 0.2538434982299805 0.6654824998643663 0.2538434982299805 0.7169214036729601 0.20421628952026366 0.7169214036729601
7 0.12226943969726563 0.3972411685519749 0.16895389556884766 0.3972411685519749 0.16895389556884766 0.5268015967475044 0.12226943969726563 0.5268015967475044
1 0.6311952590942382 0.8756529914008246 0.7371973037719727 0.8756529914008246 0.7371973037719727 0.9362359788682726 0.6311952590942382 0.9362359788682726
0 0.22155022621154785 0.7450634426540799 0.2602688312530518 0.7450634426540799 0.2602688312530518 0.8018400404188368 0.22155022621154785 0.8018400404188368
5 0.0863425076007843 0.12529178195529514 0.13711092472076417 0.12529178195529514 0.13711092472076417 0.165594482421875 0.0863425076007843 0.165594482421875
10 0.3256550312042236 0.6957755194769966 0.35295982360839845 0.6957755194769966 0.35295982360839845 0.7888422648111979 0.3256550312042236 0.7888422648111979
4 0.37743325233459474 0.802651129828559 0.40867056846618655 0.802651129828559 0.40867056846618655 0.8774932861328125 0.37743325233459474 0.8774932861328125
6 0.5590669676448458 0.6594766323885962 0.5929270127915724 0.6594766323885962 0.5929270127915724 0.707633141041719 0.5590669676448458 0.707633141041719
