7 0.4410961151123047 0.33665966457790797 0.4929995536804199 0.33665966457790797 0.4929995536804199 0.41294225056966144 0.4410961151123047 0.41294225056966144
0 0.22136693000793456 0.7453131781684028 0.26121840476989744 0.7453131781684028 0.26121840476989744 0.804803466796875 0.22136693000793456 0.804803466796875
10 0.4125367164611816 0.7283839755588107 0.47387056350708007 0.7283839755588107 0.47387056350708007 0.8080421447753906 0.4125367164611816 0.8080421447753906
9 0.670719051361084 0.6533029344346788 0.6947083473205566 0.6533029344346788 0.6947083473205566 0.7776702033148871 0.670719051361084 0.7776702033148871
4 0.3797722101211548 0.8763320075141059 0.42988948822021483 0.8763320075141059 0.42988948822021483 0.9164139641655816 0.3797722101211548 0.9164139641655816
5 0.4386738777160645 0.9097135755750868 0.5070895195007324 0.9097135755750868 0.5070895195007324 0.961434088812934 0.4386738777160645 0.961434088812934
8 0.7834232330322266 0.6919589572482638 0.8116906166076661 0.6919589572482638 0.8116906166076661 0.7394012451171875 0.7834232330322266 0.7394012451171875
1 0.7211060047149658 0.8311575147840712 0.7794816493988037 0.8311575147840712 0.7794816493988037 0.9338239034016927 0.7211060047149658 0.9338239034016927
3 0.48065385818481443 0.9350553724500869 0.5092276573181153 0.9350553724500869 0.5092276573181153 0.9955469767252604 0.48065385818481443 0.9955469767252604
5 0.5068072319030762 0.8871290418836806 0.540120792388916 0.8871290418836806 0.540120792388916 0.9711029052734375 0.5068072319030762 0.9711029052734375
