7 0.24072909355163574 0.6156357659233941 0.29168124198913575 0.6156357659233941 0.29168124198913575 0.706592051188151 0.24072909355163574 0.706592051188151
8 0.869866943359375 0.41789991590711806 0.9028823852539063 0.41789991590711806 0.9028823852539063 0.5324452718098959 0.869866943359375 0.5324452718098959
4 0.5545611381530762 0.726873779296875 0.5916412353515625 0.726873779296875 0.5916412353515625 0.770166015625 0.5545611381530762 0.770166015625
5 0.6996841430664062 0.5896694607204861 0.7535606384277344 0.5896694607204861 0.7535606384277344 0.6541052924262153 0.6996841430664062 0.6541052924262153
2 0.5480448722839355 0.7688483344184027 0.6074706077575683 0.7688483344184027 0.6074706077575683 0.8395894368489584 0.5480448722839355 0.8395894368489584
10 0.620494794845581 0.7864403618706597 0.6715972423553467 0.7864403618706597 0.6715972423553467 0.8919640435112848 0.620494794845581 0.8919640435112848
0 0.41077141761779784 0.8052040100097656 0.45488858222961426 0.8052040100097656 0.45488858222961426 0.8845934549967448 0.41077141761779784 0.8845934549967448
9 0.6004751205444336 0.5963510301378038 0.6299679756164551 0.5963510301378038 0.6299679756164551 0.704769558376736 0.6004751205444336 0.704769558376736
3 0.5102674484252929 0.9079086303710937 0.5411149978637695 0.9079086303710937 0.5411149978637695 0.9963038126627605 0.5102674484252929 0.9963038126627605
1 0.5975793838500977 0.8850309583875868 0.7052467346191407 0.8850309583875868 0.7052467346191407 0.937261454264323 0.5975793838500977 0.937261454264323
6 0.6508653122648608 0.6795418443273974 0.7012791572610986 0.6795418443273974 0.7012791572610986 0.7638157344703621 0.6508653122648608 0.7638157344703621
