9 0.7621709823608398 0.33685302734375 0.8294931411743164 0.33685302734375 0.8294931411743164 0.4420555962456597 0.7621709823608398 0.4420555962456597
7 0.2570497989654541 0.49578679402669273 0.3212437152862549 0.49578679402669273 0.3212437152862549 0.6082784864637587 0.2570497989654541 0.6082784864637587
5 0.35158796310424806 0.28957013024224176 0.4125209331512451 0.28957013024224176 0.4125209331512451 0.391152106391059 0.35158796310424806 0.391152106391059
10 0.19334639310836793 0.5960401746961805 0.24417476654052733 0.5960401746961805 0.24417476654052733 0.6875504387749566 0.19334639310836793 0.6875504387749566
6 0.3945979833602905 0.7297309875488281 0.44483184814453125 0.7297309875488281 0.44483184814453125 0.794994862874349 0.3945979833602905 0.794994862874349
4 0.396033787727356 0.8013324313693576 0.44306325912475586 0.8013324313693576 0.44306325912475586 0.8816487630208333 0.396033787727356 0.8816487630208333
0 0.2204277276992798 0.7488469441731769 0.2584146738052368 0.7488469441731769 0.2584146738052368 0.7954893324110242 0.2204277276992798 0.7954893324110242
1 0.32884750366210935 0.8767915513780382 0.3790294647216797 0.8767915513780382 0.3790294647216797 0.9623580932617187 0.32884750366210935 0.9623580932617187
8 0.6421674728393555 0.6904972500271268 0.6558687210083007 0.6904972500271268 0.6558687210083007 0.7401352776421442 0.6421674728393555 0.7401352776421442
3 0.10198011398315429 0.7678579542371962 0.13639554977416993 0.7678579542371962 0.13639554977416993 0.8195542229546441 0.10198011398315429 0.8195542229546441
