5 0.4431291580200195 0.9300508287217882 0.4906027793884277 0.9300508287217882 0.4906027793884277 0.9998140123155382 0.4431291580200195 0.9998140123155382
0 0.22005844116210938 0.7397433810763889 0.25965189933776855 0.7397433810763889 0.25965189933776855 0.7999820285373264 0.22005844116210938 0.7999820285373264
7 0.7492478370666504 0.38746990627712674 0.7934306144714356 0.38746990627712674 0.7934306144714356 0.4947624206542969 0.7492478370666504 0.4947624206542969
8 0.4359860420227051 0.44444669087727867 0.4719973564147949 0.44444669087727867 0.4719973564147949 0.5487119462754991 0.4359860420227051 0.5487119462754991
10 0.06817120313644409 0.5163108825683593 0.09965988397598266 0.5163108825683593 0.09965988397598266 0.6224689907497829 0.06817120313644409 0.6224689907497829
10 0.4578372001647949 0.5170051998562283 0.4942177772521973 0.5170051998562283 0.4942177772521973 0.6508953094482421 0.4578372001647949 0.6508953094482421
1 0.40241384506225586 0.9074508666992187 0.5243535041809082 0.9074508666992187 0.5243535041809082 0.9574932522243924 0.40241384506225586 0.9574932522243924
9 0.45935258865356443 0.5163893805609809 0.49447832107543943 0.5163893805609809 0.49447832107543943 0.6525884840223525 0.45935258865356443 0.6525884840223525
4 0.30248306997742663 0.7303737145723602 0.3288186606471031 0.7303737145723602 0.3288186606471031 0.7959200735724437 0.30248306997742663 0.7959200735724437
3 0.08051166290443942 0.7571273304907616 0.11060948081264108 0.7571273304907616 0.11060948081264108 0.7972577543683637 0.08051166290443942 0.7972577543683637
