9 0.6568397521972656 0.5472015380859375 0.7279804229736329 0.5472015380859375 0.7279804229736329 0.6814440409342448 0.6568397521972656 0.6814440409342448
10 0.4294139862060547 0.7977986653645833 0.5056968688964844 0.7977986653645833 0.5056968688964844 0.9101435343424479 0.4294139862060547 0.9101435343424479
7 0.1670969009399414 0.5054139031304253 0.21281218528747559 0.5054139031304253 0.21281218528747559 0.5968068440755209 0.1670969009399414 0.5968068440755209
2 0.5506484031677246 0.8007990519205728 0.5947815895080566 0.8007990519205728 0.5947815895080566 0.8526297675238713 0.5506484031677246 0.8526297675238713
8 0.8885693550109863 0.5061710781521267 0.9126732826232911 0.5061710781521267 0.9126732826232911 0.6205711364746094 0.8885693550109863 0.6205711364746094
1 0.5803810119628906 0.880739254421658 0.7078858375549316 0.880739254421658 0.7078858375549316 0.941770511203342 0.5803810119628906 0.941770511203342
5 0.7602213859558106 0.42147678799099386 0.7975741386413574 0.42147678799099386 0.7975741386413574 0.4867927127414279 0.7602213859558106 0.4867927127414279
3 0.5327186584472656 0.9435323927137587 0.5748760223388671 0.9435323927137587 0.5748760223388671 0.9984096103244358 0.5327186584472656 0.9984096103244358
6 0.6215199398043644 0.6782041635314771 0.6689240030097818 0.6782041635314771 0.6689240030097818 0.7276983529805198 0.6215199398043644 0.7276983529805198
4 0.5869074492099323 0.6608143131845163 0.6222723852520693 0.6608143131845163 0.6222723852520693 0.7169969066131594 0.5869074492099323 0.7169969066131594
