7 0.27383224964141845 0.504235585530599 0.3276789426803589 0.504235585530599 0.3276789426803589 0.5897712707519531 0.27383224964141845 0.5897712707519531
8 0.8326759338378906 0.7074867248535156 0.8656475067138671 0.7074867248535156 0.8656475067138671 0.8069223192003038 0.8326759338378906 0.8069223192003038
5 0.35002727508544923 0.14274493323432075 0.3912641525268555 0.14274493323432075 0.3912641525268555 0.199991332160102 0.35002727508544923 0.199991332160102
9 0.8595146179199219 0.5213219536675348 0.892793846130371 0.5213219536675348 0.892793846130371 0.6345670912000868 0.8595146179199219 0.6345670912000868
3 0.6948281667977144 0.8051479763454858 0.7448465347290039 0.8051479763454858 0.7448465347290039 0.8501864963107636 0.6948281667977144 0.8501864963107636
0 0.39049956798553465 0.8035495334201389 0.45673017501831054 0.8035495334201389 0.45673017501831054 0.8477276272243923 0.39049956798553465 0.8477276272243923
4 0.5930861473083496 0.6834993150499131 0.6429457664489746 0.6834993150499131 0.6429457664489746 0.7214048597547743 0.5930861473083496 0.7214048597547743
10 0.35261054039001466 0.7779659695095487 0.3822598934173584 0.7779659695095487 0.3822598934173584 0.8373104519314236 0.35261054039001466 0.8373104519314236
4 0.4141712188720703 0.3980335659450954 0.45044651031494143 0.3980335659450954 0.45044651031494143 0.49236289130316835 0.4141712188720703 0.49236289130316835
1 0.5550014019012451 0.8990148756239149 0.6290915012359619 0.8990148756239149 0.6290915012359619 0.955118391248915 0.5550014019012451 0.955118391248915
