10 0.18320482969284058 0.4261469523111978 0.2517491340637207 0.4261469523111978 0.2517491340637207 0.5567147148980034 0.18320482969284058 0.5567147148980034
9 0.42704181671142577 0.40824478997124564 0.48912296295166013 0.40824478997124564 0.48912296295166013 0.5414468129475911 0.42704181671142577 0.5414468129475911
8 0.8602504730224609 0.3421058654785156 0.8971128463745117 0.3421058654785156 0.8971128463745117 0.4524579366048177 0.8602504730224609 0.4524579366048177
0 0.2229541301727295 0.7448949178059894 0.26222381591796873 0.7448949178059894 0.26222381591796873 0.8050942314995658 0.2229541301727295 0.8050942314995658
5 0.19058570861816407 0.29199767642551 0.22230024337768556 0.29199767642551 0.22230024337768556 0.35511279635959203 0.19058570861816407 0.35511279635959203
7 0.11092557907104492 0.6815847608778212 0.1570117473602295 0.6815847608778212 0.1570117473602295 0.773364003499349 0.11092557907104492 0.773364003499349
4 0.6358728408813477 0.8967286851671007 0.6756254196166992 0.8967286851671007 0.6756254196166992 0.9814882066514757 0.6358728408813477 0.9814882066514757
2 0.4810365022424299 0.7494898412607915 0.5215783418420392 0.7494898412607915 0.5215783418420392 0.8013264908376145 0.4810365022424299 0.8013264908376145
1 0.45934813753581694 0.5959885386819482 0.5028653295128941 0.5959885386819482 0.5028653295128941 0.6332378223495699 0.45934813753581694 0.6332378223495699
2 0.5052829512893983 0.5845272206303725 0.5407414040114613 0.5845272206303725 0.5407414040114613 0.6203438395415473 0.5052829512893983 0.6203438395415473
