7 0.23419313430786132 0.38675833808051213 0.29207439422607423 0.38675833808051213 0.29207439422607423 0.4800194634331597 0.23419313430786132 0.4800194634331597
0 0.22104415893554688 0.7416168212890625 0.2616220474243164 0.7416168212890625 0.2616220474243164 0.8006354437934028 0.22104415893554688 0.8006354437934028
8 0.8705348968505859 0.4973666720920139 0.9146862030029297 0.4973666720920139 0.9146862030029297 0.5851574367947049 0.8705348968505859 0.5851574367947049
9 0.35345873832702634 0.3711366441514757 0.4113655090332031 0.3711366441514757 0.4113655090332031 0.45687459309895834 0.35345873832702634 0.45687459309895834
1 0.6309574604034424 0.877222188313802 0.7379837512969971 0.877222188313802 0.7379837512969971 0.9366544935438368 0.6309574604034424 0.9366544935438368
10 0.32520356178283694 0.69840087890625 0.35030269622802734 0.69840087890625 0.35030269622802734 0.7985480414496527 0.32520356178283694 0.7985480414496527
3 0.11090188026428223 0.6575767517089843 0.14486100673675537 0.6575767517089843 0.14486100673675537 0.7099055820041232 0.11090188026428223 0.7099055820041232
4 0.373358154296875 0.811456807454427 0.408048152923584 0.811456807454427 0.408048152923584 0.8766696506076389 0.373358154296875 0.8766696506076389
5 0.1252808928489685 0.12782423231336806 0.16229034662246705 0.12782423231336806 0.16229034662246705 0.1615290747748481 0.1252808928489685 0.1615290747748481
6 0.5711060948081268 0.6527882284089955 0.6042136945071483 0.6527882284089955 0.6042136945071483 0.7116461834294792 0.5711060948081268 0.7116461834294792
