9 0.5766082763671875 0.5300976223415799 0.6426177978515625 0.5300976223415799 0.6426177978515625 0.6267004224989149 0.5766082763671875 0.6267004224989149
10 0.47479543685913084 0.8053599039713544 0.5560154914855957 0.8053599039713544 0.5560154914855957 0.9133263481987849 0.47479543685913084 0.9133263481987849
7 0.182515287399292 0.5076884375678168 0.23755321502685547 0.5076884375678168 0.23755321502685547 0.6038671281602647 0.182515287399292 0.6038671281602647
2 0.5543968677520752 0.7945960150824652 0.6070521831512451 0.7945960150824652 0.6070521831512451 0.8582065158420139 0.5543968677520752 0.8582065158420139
3 0.5333983421325683 0.9218714396158855 0.5625552177429199 0.9218714396158855 0.5625552177429199 0.9974499172634549 0.5333983421325683 0.9974499172634549
1 0.578126335144043 0.8790461222330728 0.7088886260986328 0.8790461222330728 0.7088886260986328 0.941368442111545 0.578126335144043 0.941368442111545
0 0.4124001502990723 0.8083487616644967 0.45505590438842775 0.8083487616644967 0.45505590438842775 0.8846111721462675 0.4124001502990723 0.8846111721462675
8 0.8886238098144531 0.4822010464138454 0.9128208160400391 0.4822010464138454 0.9128208160400391 0.5987071567111545 0.8886238098144531 0.5987071567111545
4 0.6484944343566894 0.5856034172905816 0.6893197059631347 0.5856034172905816 0.6893197059631347 0.6385185241699218 0.6484944343566894 0.6385185241699218
5 0.7057938299473281 0.5043056600618677 0.744920993227991 0.5043056600618677 0.744920993227991 0.55246216871499 0.7057938299473281 0.55246216871499
6 0.6335590669676449 0.6715157595518769 0.6719337848006018 0.6715157595518769 0.6719337848006018 0.7491012457152411 0.6335590669676449 0.7491012457152411
