8 0.8777685165405273 0.3085086398654514 0.9143264770507813 0.3085086398654514 0.9143264770507813 0.4108347574869792 0.8777685165405273 0.4108347574869792
0 0.22176835536956788 0.7465932210286458 0.2618201971054077 0.7465932210286458 0.2618201971054077 0.8036341349283854 0.22176835536956788 0.8036341349283854
7 0.09820692539215088 0.11880569458007813 0.155966854095459 0.11880569458007813 0.155966854095459 0.21458591885036893 0.09820692539215088 0.21458591885036893
9 0.4320490837097168 0.48737013075086805 0.4629664421081543 0.48737013075086805 0.4629664421081543 0.596760728624132 0.4320490837097168 0.596760728624132
4 0.4415746688842773 0.9356459723578558 0.49422969818115237 0.9356459723578558 0.49422969818115237 0.9889259338378906 0.4415746688842773 0.9889259338378906
1 0.55770845413208 0.8735939025878906 0.6318453788757324 0.8735939025878906 0.6318453788757324 0.938982899983724 0.55770845413208 0.938982899983724
5 0.06516079902648926 0.16511226230197484 0.09904603958129883 0.16511226230197484 0.09904603958129883 0.2105415768093533 0.06516079902648926 0.2105415768093533
8 0.4185324192047119 0.7964062160915799 0.43986897468566893 0.7964062160915799 0.43986897468566893 0.8670979817708333 0.4185324192047119 0.8670979817708333
3 0.4183527946472168 0.7963702731662327 0.43970632553100586 0.7963702731662327 0.43970632553100586 0.8671396891276042 0.4183527946472168 0.8671396891276042
4 0.3215436962750717 0.7435530085959886 0.3457199140401146 0.7435530085959886 0.3457199140401146 0.7908309455587393 0.3215436962750717 0.7908309455587393
