7 0.25199737548828127 0.5661977979871962 0.3096927642822266 0.5661977979871962 0.3096927642822266 0.6866388108995226 0.25199737548828127 0.6866388108995226
9 0.8098092079162598 0.3232616000705295 0.8732710838317871 0.3232616000705295 0.8732710838317871 0.4376231723361545 0.8098092079162598 0.4376231723361545
5 0.3983752250671387 0.4183664109971788 0.46850881576538084 0.4183664109971788 0.46850881576538084 0.4804738362630208 0.3983752250671387 0.4804738362630208
0 0.22042350769042968 0.7444990370008681 0.25811009407043456 0.7444990370008681 0.25811009407043456 0.80108642578125 0.22042350769042968 0.80108642578125
1 0.3310039758682251 0.8810623168945313 0.3810685873031616 0.8810623168945313 0.3810685873031616 0.9678580390082465 0.3310039758682251 0.9678580390082465
10 0.18291471004486085 0.5684438069661458 0.23182461261749268 0.5684438069661458 0.23182461261749268 0.6660259670681423 0.18291471004486085 0.6660259670681423
8 0.6479582786560059 0.7044236924913194 0.6657293319702149 0.7044236924913194 0.6657293319702149 0.7539106580946181 0.6479582786560059 0.7539106580946181
4 0.41041717529296873 0.835729471842448 0.44084510803222654 0.835729471842448 0.44084510803222654 0.8757436116536458 0.41041717529296873 0.8757436116536458
3 0.09912489652633667 0.7541434393988715 0.13092390298843384 0.7541434393988715 0.13092390298843384 0.812384033203125 0.09912489652633667 0.812384033203125
6 0.3812070282658517 0.7281605329878981 0.4102368220015277 0.7281605329878981 0.4102368220015277 0.7947170139465534 0.3812070282658517 0.7947170139465534
