8 0.8325935363769531 0.6897582160101996 0.8678054809570312 0.6897582160101996 0.8678054809570312 0.8003707038031684 0.8325935363769531 0.8003707038031684
7 0.2671262979507446 0.4643323262532552 0.30284340381622316 0.4643323262532552 0.30284340381622316 0.5595602247450087 0.2671262979507446 0.5595602247450087
1 0.4509267807006836 0.8464168972439237 0.5742762565612793 0.8464168972439237 0.5742762565612793 0.9172176784939237 0.4509267807006836 0.9172176784939237
9 0.8700403213500977 0.561633555094401 0.8988775253295899 0.561633555094401 0.8988775253295899 0.6699424743652344 0.8700403213500977 0.6699424743652344
3 0.6839471817016601 0.7928315904405382 0.7326818466186523 0.7928315904405382 0.7326818466186523 0.8439366658528645 0.6839471817016601 0.8439366658528645
4 0.5926980018615723 0.6827779134114583 0.6435526847839356 0.6827779134114583 0.6435526847839356 0.7224607679578993 0.5926980018615723 0.7224607679578993
0 0.39162511825561525 0.8037255181206597 0.4557642936706543 0.8037255181206597 0.4557642936706543 0.8456709120008681 0.39162511825561525 0.8456709120008681
5 0.3795167922973633 0.11436460283067491 0.40174551010131837 0.11436460283067491 0.40174551010131837 0.1864480972290039 0.3795167922973633 0.1864480972290039
10 0.35281710624694823 0.7785874260796442 0.3811098575592041 0.7785874260796442 0.3811098575592041 0.8369645012749566 0.35281710624694823 0.8369645012749566
6 0.612195576910986 0.6477454118992797 0.6542409420013423 0.6477454118992797 0.6542409420013423 0.6997200012207052 0.612195576910986 0.6997200012207052
4 0.2796382521489971 0.14756446991404013 0.33040830945558736 0.14756446991404013 0.33040830945558736 0.24498567335243557 0.2796382521489971 0.24498567335243557
