7 0.5799755096435547 0.1967416551378038 0.6401347160339356 0.1967416551378038 0.6401347160339356 0.3158019171820747 0.5799755096435547 0.3158019171820747
10 0.2521787643432617 0.6290600246853298 0.3231048583984375 0.6290600246853298 0.3231048583984375 0.7341233995225694 0.2521787643432617 0.7341233995225694
6 0.20134081840515136 0.5709303114149306 0.24077305793762208 0.5709303114149306 0.24077305793762208 0.6623057047526042 0.20134081840515136 0.6623057047526042
3 0.3364065170288086 0.7112384372287326 0.38579111099243163 0.7112384372287326 0.38579111099243163 0.7871353149414062 0.3364065170288086 0.7871353149414062
9 0.49739322662353513 0.5498849656846788 0.537040901184082 0.5498849656846788 0.537040901184082 0.6729872809516059 0.49739322662353513 0.6729872809516059
0 0.22377607822418213 0.7429606119791665 0.2645578145980835 0.7429606119791665 0.2645578145980835 0.798920694986979 0.22377607822418213 0.798920694986979
8 0.3991647243499756 0.5078108469645183 0.4193554401397705 0.5078108469645183 0.4193554401397705 0.5955888960096571 0.3991647243499756 0.5955888960096571
5 0.3487221717834473 0.9228790283203125 0.4105066299438477 0.9228790283203125 0.4105066299438477 0.9703392876519097 0.3487221717834473 0.9703392876519097
2 0.5435063362121582 0.9109561496310764 0.6081688880920411 0.9109561496310764 0.6081688880920411 0.9465298122829862 0.5435063362121582 0.9465298122829862
4 0.6906339541547277 0.7091690544412608 0.7212571633237822 0.7091690544412608 0.7212571633237822 0.7535816618911176 0.6906339541547277 0.7535816618911176
