8 0.8320375442504883 0.6719327290852865 0.8721960067749024 0.6719327290852865 0.8721960067749024 0.7861015319824218 0.8320375442504883 0.7861015319824218
7 0.23183889389038087 0.4835282219780816 0.2871555328369141 0.4835282219780816 0.2871555328369141 0.5675508287217882 0.23183889389038087 0.5675508287217882
5 0.36589837074279785 0.1038405736287435 0.4193580627441406 0.1038405736287435 0.4193580627441406 0.16028806898328993 0.36589837074279785 0.16028806898328993
9 0.8753881454467773 0.5477531009250217 0.8980718612670898 0.5477531009250217 0.8980718612670898 0.6611976199679904 0.8753881454467773 0.6611976199679904
3 0.6481472969055175 0.8001193576388889 0.7055670738220214 0.8001193576388889 0.7055670738220214 0.8545477973090277 0.6481472969055175 0.8545477973090277
4 0.5943528175354004 0.6829889085557725 0.6432098388671875 0.6829889085557725 0.6432098388671875 0.7228914896647135 0.5943528175354004 0.7228914896647135
1 0.3384531021118164 0.7008091396755642 0.4302979469299316 0.7008091396755642 0.4302979469299316 0.7812750074598525 0.3384531021118164 0.7812750074598525
10 0.3544933795928955 0.7799343532986112 0.38236565589904786 0.7799343532986112 0.38236565589904786 0.8446346706814236 0.3544933795928955 0.8446346706814236
0 0.3931903839111328 0.8045493231879342 0.457367992401123 0.8045493231879342 0.457367992401123 0.8451960245768231 0.3931903839111328 0.8451960245768231
4 0.4597920417785645 0.506756337483724 0.5105576515197754 0.506756337483724 0.5105576515197754 0.5814923604329427 0.4597920417785645 0.5814923604329427
6 0.6249820232391358 0.6529507954915365 0.6565730571746826 0.6529507954915365 0.6565730571746826 0.6999231126573351 0.6249820232391358 0.6999231126573351
