8 0.8530277252197266 0.5871937221950955 0.897677230834961 0.5871937221950955 0.897677230834961 0.6863598293728299 0.8530277252197266 0.6863598293728299
0 0.22131600379943847 0.7391220092773437 0.2599797248840332 0.7391220092773437 0.2599797248840332 0.7997394137912326 0.22131600379943847 0.7997394137912326
9 0.6052570343017578 0.17760662502712674 0.6691675186157227 0.17760662502712674 0.6691675186157227 0.31440870496961804 0.6052570343017578 0.31440870496961804
5 0.16019654273986816 0.27265824211968315 0.21297149658203124 0.27265824211968315 0.21297149658203124 0.3234893798828125 0.16019654273986816 0.3234893798828125
1 0.6330988883972168 0.8755620320638022 0.7382584571838379 0.8755620320638022 0.7382584571838379 0.9368355645073786 0.6330988883972168 0.9368355645073786
7 0.6564788818359375 0.22335459391276047 0.6922531127929688 0.22335459391276047 0.6922531127929688 0.33762249416775175 0.6564788818359375 0.33762249416775175
3 0.10123350620269775 0.7373040093315972 0.1407714605331421 0.7373040093315972 0.1407714605331421 0.7936503092447916 0.10123350620269775 0.7936503092447916
10 0.3330101490020752 0.7038882785373264 0.3739168643951416 0.7038882785373264 0.3739168643951416 0.7960771348741319 0.3330101490020752 0.7960771348741319
4 0.3701823949813843 0.8009712219238281 0.39815213680267336 0.8009712219238281 0.39815213680267336 0.8720781962076823 0.3701823949813843 0.8720781962076823
6 0.5917862892150879 0.6661711374918621 0.6253972053527832 0.6661711374918621 0.6253972053527832 0.7166186862521702 0.5917862892150879 0.7166186862521702
