3 0.5278358936309815 0.9095776875813804 0.5555761814117431 0.9095776875813804 0.5555761814117431 0.9662045796712241 0.5278358936309815 0.9662045796712241
0 0.22099246978759765 0.7465152316623264 0.2615043640136719 0.7465152316623264 0.2615043640136719 0.8046678331163194 0.22099246978759765 0.8046678331163194
6 0.5776701927185058 0.5308253818088108 0.616886043548584 0.5308253818088108 0.616886043548584 0.594289059109158 0.5776701927185058 0.594289059109158
10 0.6028143882751464 0.6336341857910156 0.6656220436096192 0.6336341857910156 0.6656220436096192 0.7164312574598525 0.6028143882751464 0.7164312574598525
5 0.14808549880981445 0.33038482666015623 0.2017353057861328 0.33038482666015623 0.2017353057861328 0.4070394727918837 0.14808549880981445 0.4070394727918837
9 0.8298795700073243 0.5994077894422744 0.8581209182739258 0.5994077894422744 0.8581209182739258 0.7182794358995226 0.8298795700073243 0.7182794358995226
7 0.4087220191955566 0.5076605055067275 0.4422934532165527 0.5076605055067275 0.4422934532165527 0.5858025444878473 0.4087220191955566 0.5858025444878473
1 0.7641030311584472 0.8613817003038194 0.8433287620544434 0.8613817003038194 0.8433287620544434 0.9297919379340278 0.7641030311584472 0.9297919379340278
4 0.4702911376953125 0.9222449408637152 0.5149284362792969 0.9222449408637152 0.5149284362792969 0.9935896131727431 0.4702911376953125 0.9935896131727431
4 0.3337991237640381 0.8481626722547743 0.37366399765014646 0.8481626722547743 0.37366399765014646 0.893540276421441 0.3337991237640381 0.893540276421441
8 0.7794879913330078 0.6134671529134115 0.8087591171264649 0.6134671529134115 0.8087591171264649 0.6660370720757378 0.7794879913330078 0.6660370720757378
