7 0.43869905471801757 0.3536182827419705 0.4896848678588867 0.3536182827419705 0.4896848678588867 0.43675732082790797 0.43869905471801757 0.43675732082790797
4 0.3915058135986328 0.8923127916124132 0.4430547714233398 0.8923127916124132 0.4430547714233398 0.9295259263780382 0.3915058135986328 0.9295259263780382
0 0.22136263847351073 0.7454857720269097 0.260986852645874 0.7454857720269097 0.260986852645874 0.8046678331163194 0.22136263847351073 0.8046678331163194
9 0.676724910736084 0.6849951850043403 0.7126931190490723 0.6849951850043403 0.7126931190490723 0.816203138563368 0.676724910736084 0.816203138563368
10 0.3813061237335205 0.733842044406467 0.4250819683074951 0.733842044406467 0.4250819683074951 0.8190717061360677 0.3813061237335205 0.8190717061360677
3 0.46150665283203124 0.9230343288845486 0.509824562072754 0.9230343288845486 0.509824562072754 0.9901797824435764 0.46150665283203124 0.9901797824435764
1 0.7117846968522386 0.8535780164930549 0.7766812801361083 0.8535780164930549 0.7766812801361083 0.9323930528428813 0.7117846968522386 0.9323930528428813
8 0.784147071838379 0.6838895161946614 0.8118915557861328 0.6838895161946614 0.8118915557861328 0.7339637756347657 0.784147071838379 0.7339637756347657
6 0.6532060623168945 0.6994355095757379 0.6756254196166992 0.6994355095757379 0.6756254196166992 0.7602606031629774 0.6532060623168945 0.7602606031629774
4 0.5063057899475097 0.8805376851380307 0.5538628578186036 0.8805376851380307 0.5538628578186036 0.975403171115451 0.5063057899475097 0.975403171115451
